Note : P(D|M) is the probability of site D given the model M (i.e., the site likelihood)
P(D|M,rr[x]) is the probability of site D given the model M and the relative rate
of evolution rr[x], where x is the class of rate to be considered.
We have P(D|M) = \sum_x P(x) x P(D|M,rr[x]).


Site   P(D|M)          P(D|M,rr[1]=0.1006)   P(D|M,rr[2]=0.4166)   P(D|M,rr[3]=0.9634)   P(D|M,rr[4]=2.5194)   Posterior mean        P(D|M,rr[0]=0)  
1      1.95431e-05     7.67312e-05           5.59467e-06           1.30703e-08           2.57014e-16           0.128758              0               
2      2.04653e-26     5.75725e-29           8.56221e-26           5.44585e-28           1.05557e-37           0.442208              0               
3      0.00402734      0.00319513            3.72189e-07           2.6604e-13            1.05783e-26           0.01997               0.0646          
4      2.33084e-23     2.56433e-25           9.77302e-23           2.16062e-25           1.43527e-34           0.439191              0               
5      0.0023784       0.00107132            1.4333e-08            2.15191e-16           1.56396e-33           0.0113333             0.041977        
6      1.1263e-17      1.19798e-18           4.56631e-17           5.92072e-19           3.92137e-26           0.437577              0               
7      5.65073e-07     2.36073e-06           2.00391e-08           4.37261e-13           3.03462e-25           0.108803              0               
8      0.00707634      0.00868398            6.30627e-06           9.89758e-11           4.49615e-21           0.030968              0.099081        
9      7.22202e-07     3.01483e-06           2.79441e-08           5.3152e-13            3.79783e-25           0.109058              0               
10     1.26789e-21     9.56983e-23           5.24373e-21           2.43301e-24           2.34415e-34           0.433093              0               
11     1.2826e-35      9.61814e-46           1.09264e-36           5.29441e-35           1.75222e-39           1.00312               0               
12     1.62599e-36     3.46108e-45           9.57093e-38           6.75021e-36           4.69479e-39           1.00779               0               
13     9.51281e-25     1.53525e-28           3.19818e-24           8.09601e-25           1.43972e-31           0.555116              0               
14     8.34681e-06     3.51057e-05           6.10683e-08           4.51699e-13           1.45856e-25           0.106579              0               
15     0.041977        0.041977              0.041977              0.041977              0.041977              1                     0.041977        
16     0.04404         0.04404               0.04404               0.04404               0.04404               1                     0.04404         
17     5.81565e-47     2.23844e-62           1.89635e-51           4.00218e-47           2.05001e-46           2.38596               0               
18     4.65126e-05     0.000195731           2.3609e-07            1.21635e-12           3.1918e-25            0.106402              0               
19     1.82843e-13     1.51539e-13           6.09463e-13           9.34898e-15           7.04825e-22           0.380317              0               
20     1.28252e-23     1.15564e-27           3.78831e-23           1.61507e-23           3.4976e-30            0.610925              0               
21     0.00131062      0.000755856           2.09515e-08           5.34583e-16           3.537e-34             0.0145115             0.022355        
22     6.29599e-19     8.90667e-22           2.50699e-18           1.44745e-19           1.35808e-27           0.470107              0               
23     2.26531e-06     9.45021e-06           9.39774e-08           5.12799e-12           5.40443e-22           0.109279              0               
24     2.76326e-11     1.1481e-10            1.61196e-12           8.90334e-18           1.02294e-30           0.110609              0               
25     6.77079e-09     2.85242e-08           2.50069e-12           5.0085e-20            5.0778e-37            0.106031              0               
26     1.2842e-13      6.81852e-14           4.71034e-13           1.83876e-15           1.57619e-23           0.398811              0               
27     1.3139e-09      5.41864e-09           1.17087e-10           4.19644e-15           2.86637e-26           0.113041              0               
28     6.46553e-11     2.72142e-10           2.63766e-13           4.15775e-20           6.05436e-36           0.106324              0               
29     1.98165e-26     1.64992e-28           8.32133e-26           1.12681e-28           2.53912e-38           0.438912              0               
30     6.15096e-15     1.81243e-14           7.79079e-15           1.4975e-19            1.49111e-31           0.206052              0               
31     3.0086e-26      1.55233e-28           1.25359e-25           1.24433e-27           5.59756e-36           0.444039              0               
32     3.6148e-16      1.95507e-17           1.48644e-15           1.69966e-17           2.91982e-25           0.440948              0               
33     1.04159e-19     2.13883e-21           3.90981e-19           4.57246e-20           1.49323e-25           0.497179              0               
34     0.0035654       0.00371005            1.17428e-06           3.08148e-12           4.6978e-25            0.0262144             0.053052        
35     8.30743e-58     1.06223e-74           4.43158e-62           1.69391e-57           1.80613e-57           1.86046               0               
36     9.92099e-24     1.04416e-27           3.65825e-23           5.21553e-24           1.45252e-31           0.510646              0               
37     5.38043e-46     3.07942e-62           1.68794e-50           7.63217e-46           1.50365e-45           2.10186               0               
38     1.08489e-29     3.68096e-35           1.5208e-29            3.05005e-29           3.35207e-35           0.823096              0               
39     7.46775e-44     1.5293e-57            1.83914e-46           3.1376e-43            6.86887e-46           1.01796               0               
40     1.78134e-55     3.56957e-80           1.14097e-64           2.60814e-58           7.50252e-55           2.65312               0               
41     1.01909e-38     2.04825e-46           1.26759e-39           4.16363e-38           3.22756e-41           0.998944              0               
42     2.97588e-33     1.19286e-43           9.54922e-36           9.2202e-33            3.30819e-33           1.44673               0               
43     3.42694e-60     1.51435e-86           7.4278e-70            1.19328e-62           1.44264e-59           2.65233               0               
44     4.5958e-60      1.21511e-89           3.47596e-71           2.49648e-63           1.93605e-59           2.65348               0               
45     8.8404e-52      2.23947e-68           9.09939e-56           2.32256e-51           1.40199e-51           1.63163               0               
46     4.85746e-51     8.01342e-78           3.11641e-62           6.58026e-55           2.04648e-50           2.65363               0               
47     3.16091e-42     1.28776e-62           2.89163e-51           9.94714e-46           1.33165e-41           2.65356               0               
48     1.26478e-09     4.8597e-09            4.68876e-10           1.73756e-13           4.35248e-23           0.135313              0               
49     7.23603e-45     4.02769e-59           8.37295e-48           3.01034e-44           3.75051e-46           1.03472               0               
50     2.62525e-23     1.28406e-26           9.0805e-23            1.97889e-23           7.43541e-30           0.541794              0               
51     7.09149e-50     1.79258e-64           1.35903e-52           2.98013e-49           6.29761e-52           1.01791               0               
52     1.37806e-21     4.53646e-22           5.35127e-21           1.12414e-24           2.10687e-38           0.412902              0               
53     4.01588e-21     2.19879e-22           1.66914e-20           8.39873e-24           7.73099e-36           0.434754              0               
54     1.91452e-42     1.16281e-52           5.63107e-44           8.00726e-42           2.68789e-45           1.01124               0               
55     0.000763068     0.000811233           0.00148336            0.000862275           5.80841e-05           0.549302              0               
56     1.46143e-07     1.25066e-10           7.76338e-09           7.34236e-08           5.34417e-07           2.4298                0               
57     0.000157665     0.00010615            0.000256986           0.0002415             5.9637e-05            0.793842              0               
58     0.0188204       0.0450734             0.0175039             0.00360337            6.64349e-05           0.205452              0.061197        
59     0.0421501       0.0836151             0.0495968             0.0208807             0.00237049            0.327189              0.099081        
60     5.34498e-08     2.33139e-09           2.81515e-08           8.29422e-08           1.11769e-07           1.74677               0               
61     0.000109369     7.85852e-05           0.000185618           0.000164295           3.22959e-05           0.742617              0               
62     3.97893e-51     8.61201e-71           1.96476e-58           8.77283e-53           1.66763e-50           2.64511               0               
63     5.42742e-42     1.07427e-54           5.09801e-45           1.79229e-41           4.93881e-42           1.36858               0               
64     1.2928e-18      6.44188e-19           4.80164e-18           1.00591e-21           6.18111e-33           0.39954               0               
65     2.73759e-08     9.46151e-08           2.06534e-08           7.15608e-11           2.51912e-18           0.166156              0               
66     3.97046e-47     4.80522e-59           5.5022e-49            1.6643e-46            3.02609e-49           1.01579               0               
67     2.86425e-13     1.05325e-12           1.53485e-13           2.45951e-17           5.66096e-28           0.148347              0               
68     3.26939e-50     1.38939e-75           4.18197e-59           3.60297e-52           1.37386e-49           2.6494                0               
69     8.25535e-33     4.21651e-36           3.45512e-32           2.25973e-34           1.19274e-44           0.442494              0               
70     0.00236324      0.00100743            1.11159e-08           1.19694e-16           3.37736e-34           0.0107257             0.041977        
71     8.68688e-06     3.65015e-05           9.79838e-08           2.91305e-12           1.90357e-22           0.106892              0               
72     3.41223e-14     1.36156e-13           7.60805e-15           6.61627e-20           2.58671e-32           0.123613              0               
73     6.98343e-29     5.0067e-33            2.78237e-28           1.59832e-29           5.08935e-38           0.470073              0               
74     2.03627e-18     7.21329e-20           8.46607e-18           4.09933e-20           1.48965e-29           0.438746              0               
75     0.00461809      0.00260026            8.44471e-08           7.53117e-15           7.17902e-30           0.0141681             0.079066        
76     8.46335e-20     1.09056e-21           3.46374e-19           9.11262e-21           5.03365e-28           0.452493              0               
77     5.7013e-46      8.44493e-61           7.59078e-49           2.3997e-45            1.6136e-48            1.01563               0               
78     3.80175e-20     4.76842e-21           1.5282e-19            2.58622e-21           3.69537e-28           0.438184              0               
79     2.38877e-26     2.19816e-30           8.11857e-26           1.94558e-26           3.99962e-33           0.550119              0               
80     2.20573e-14     7.07358e-14           2.21925e-14           3.32586e-18           4.72315e-29           0.185506              0               
81     5.8491e-52      6.82869e-80           1.40442e-62           8.10895e-55           2.46353e-51           2.65315               0               
82     5.88651e-34     1.00788e-42           1.14033e-34           2.36606e-33           8.78043e-39           0.988241              0               
83     8.60859e-24     7.16255e-25           3.55436e-23           9.78896e-27           6.68485e-39           0.432376              0               
84     7.51293e-23     1.39883e-25           1.92023e-22           1.2437e-22            1.64947e-27           0.664944              0               
85     7.26726e-07     2.39617e-09           1.01668e-07           5.66478e-07           2.3913e-06            2.27492               0               
86     2.91058e-66     1.03934e-102          3.84731e-81           2.77221e-71           1.22628e-65           2.65368               0               
87     6.89664e-66     1.13871e-105          2.16401e-82           1.38645e-71           2.90569e-65           2.65369               0               
88     2.2257e-58      1.28231e-82           1.22363e-65           5.71649e-59           8.80567e-58           2.55377               0               
89     0.0035971       0.00130586            0.00376379            0.0049558             0.00512982            1.34815               0               
90     0.00154201      0.000331844           0.00139625            0.00233922            0.00242949            1.45742               0               
91     0.00157642      0.000319768           0.00140622            0.00235076            0.00256502            1.48199               0               
92     3.08989e-50     3.04479e-71           1.16225e-56           1.36576e-50           1.16525e-49           2.48174               0               
93     8.61091e-23     1.21419e-26           2.97076e-22           6.57064e-23           4.68868e-30           0.543088              0               
94     5.16606e-45     1.86266e-57           2.02902e-47           2.14521e-44           2.93221e-46           1.03626               0               
95     5.77515e-37     3.65847e-45           2.99101e-37           2.13408e-36           7.28048e-42           0.943924              0               
96     3.93442e-49     8.15679e-65           1.6241e-52            1.6377e-48            1.97883e-50           1.03422               0               
97     6.26727e-10     2.15589e-09           4.84452e-10           1.82836e-13           7.24461e-23           0.167121              0               
98     2.29321e-52     2.98358e-71           2.956e-58             9.51978e-53           8.70978e-52           2.4922                0               
99     0.00398993      0.00303759            3.0204e-07            1.64381e-13           2.99871e-27           0.019162              0.0646          
100    3.49043e-58     4.91876e-80           5.60635e-65           5.79602e-59           1.41263e-57           2.58909               0               
101    1.20837e-35     5.7926e-41            4.60957e-35           4.81529e-36           2.76046e-44           0.493264              0               
102    0.00508316      0.0118316             0.000195406           1.75903e-07           8.87273e-16           0.062573              0.04404         
103    7.41323e-31     2.79264e-36           2.33858e-30           7.84758e-31           9.83617e-39           0.583496              0               
104    1.18373e-19     6.26481e-21           4.9104e-19            1.42397e-21           7.21336e-31           0.436257              0               
105    1.64807e-10     6.90888e-10           3.47636e-12           1.55386e-17           1.07268e-29           0.107667              0               
106    0.00570381      0.0117217             8.55483e-05           2.16965e-08           8.88575e-18           0.053267              0.057337        
107    2.5467e-09      1.06088e-08           1.20985e-10           1.49602e-15           5.22334e-28           0.109754              0               
108    7.30507e-05     0.000303765           4.01097e-06           7.51877e-10           3.21202e-19           0.110341              0               
109    0.00559691      0.0112837             7.30965e-05           1.50998e-08           3.4766e-18            0.0520837             0.057337        
110    0.00559691      0.0112837             7.30965e-05           1.50998e-08           3.4766e-18            0.0520837             0.057337        
111    0.00324609      0.000629422           6.91983e-10           5.95467e-19           2.25951e-37           0.00487847            0.061197        
112    4.47532e-31     3.46229e-36           1.54284e-30           3.42693e-31           1.03079e-38           0.543465              0               
113    5.36962e-09     2.25942e-08           2.90001e-11           8.37975e-18           5.98871e-34           0.106428              0               
114    4.38778e-16     1.73954e-15           1.09114e-16           1.35535e-21           2.69195e-34           0.125644              0               
115    3.52205e-06     1.48375e-05           1.56045e-09           2.1185e-16            1.69683e-31           0.106036              0               
116    5.55912e-22     1.08409e-21           1.25806e-21           1.59278e-26           1.65262e-40           0.284761              0               
117    1.47251e-18     3.11659e-18           3.0872e-18            1.85833e-22           1.42642e-34           0.271631              0               
118    4.1225e-20      6.21441e-23           1.66536e-19           7.09072e-21           1.1183e-28            0.462185              0               
119    2.15281e-29     3.05168e-35           1.19661e-29           7.87333e-29           2.51748e-33           0.93878               0               
120    5.4983e-11      2.07471e-10           2.41815e-11           1.85463e-15           3.42091e-27           0.140747              0               
121    3.35757e-12     1.38138e-11           3.32337e-13           2.44547e-18           7.34297e-32           0.11382               0               
122    4.07235e-06     1.71569e-05           6.68971e-10           1.44694e-17           4.82518e-35           0.106014              0               
123    2.99447e-49     1.3217e-67            1.42176e-53           1.21246e-48           4.91574e-50           1.07857               0               
124    6.83288e-20     1.12743e-21           2.84107e-19           2.64811e-21           5.64325e-30           0.442787              0               
125    7.42014e-42     4.97705e-53           1.68716e-43           3.10935e-41           2.63784e-46           1.01162               0               
126    1.04381e-09     2.71352e-09           1.6782e-09            6.07626e-12           5.73553e-20           0.23425               0               
127    5.6882e-71      8.98663e-107          2.84522e-86           1.66706e-76           2.39655e-70           2.65369               0               
128    3.86666e-35     2.53513e-44           4.69502e-37           1.57863e-34           4.57729e-36           1.05911               0               
129    2.08937e-28     1.24725e-30           8.72701e-28           6.34269e-30           3.2389e-39            0.442471              0               
130    2.66066e-36     4.54408e-42           1.08179e-35           3.92029e-37           7.41068e-47           0.458933              0               
131    7.11148e-53     1.93772e-73           1.37007e-59           7.46914e-54           2.92151e-52           2.61283               0               
132    1.00352e-59     4.85972e-90           3.34263e-71           1.03921e-62           4.22698e-59           2.65328               0               
133    2.43226e-52     1.38804e-72           7.47514e-58           3.93627e-52           6.31129e-52           2.02413               0               
134    2.03875e-11     8.25413e-11           3.35471e-12           6.07007e-16           1.98437e-25           0.119005              0               
135    8.56944e-36     3.76492e-43           6.06034e-36           3.00442e-35           2.29182e-40           0.918054              0               
136    4.67459e-48     1.6466e-64            6.30049e-52           1.80975e-47           1.59684e-48           1.14758               0               
137    1.56648e-12     1.40472e-12           5.11743e-12           7.77412e-14           4.97037e-21           0.374745              0               
138    3.66101e-32     2.73878e-37           1.32957e-31           2.12884e-32           6.26476e-41           0.518279              0               
139    1.54036e-37     5.10983e-53           3.26501e-41           5.56964e-37           9.19882e-38           1.247                 0               
140    3.18838e-19     2.45777e-20           1.31313e-18           5.62175e-21           6.14114e-30           0.435114              0               
141    0.0177816       0.036682              0.0206806             0.00769412            0.000471473           0.293941              0.04404         
142    2.27815e-05     2.08875e-05           5.92627e-05           1.57846e-05           4.79725e-08           0.46219               0               
143    3.29031e-17     5.15312e-18           1.33384e-16           9.04624e-20           1.81128e-30           0.426798              0               
144    0.00559691      0.0112837             7.30965e-05           1.50998e-08           3.4766e-18            0.0520837             0.057337        
145    0.00324609      0.000629422           6.91983e-10           5.95467e-19           2.25951e-37           0.00487847            0.061197        
146    0.00347369      0.00332411            7.46606e-07           1.08906e-12           3.25238e-26           0.0240983             0.053052        
147    1.6408e-28      2.7197e-32            6.74154e-28           1.71196e-29           1.34185e-38           0.453042              0               
148    2.33588e-31     7.27691e-36           8.48268e-31           1.35876e-31           1.3119e-39            0.518305              0               
149    1.00616e-14     3.9722e-14            2.6693e-15            1.12628e-19           2.31159e-31           0.126959              0               
150    2.33843e-06     9.83647e-06           1.58079e-08           9.4437e-14            4.1519e-27            0.106535              0               
151    3.93451e-13     1.26779e-12           3.89718e-13           1.78653e-16           4.5373e-26            0.184338              0               
152    5.56749e-15     2.27464e-14           7.10499e-16           5.00827e-22           4.56691e-38           0.116081              0               
153    7.23435e-05     1.45842e-05           6.79158e-05           0.000105093           0.000117205           1.47315               0               
154    5.39521e-56     8.48678e-82           1.68439e-64           3.12058e-57           2.2419e-55            2.63119               0               
155    0.00559691      0.0112837             7.30965e-05           1.50998e-08           3.4766e-18            0.0520837             0.057337        
156    1.251e-28       1.94442e-31           5.25764e-28           1.11388e-30           8.42653e-42           0.439887              0               
157    3.34143e-13     1.38935e-12           1.84601e-14           8.54548e-20           2.04231e-33           0.110365              0               
158    1.53969e-21     2.46846e-24           5.72512e-21           7.59415e-22           3.1637e-29            0.506088              0               
159    5.59911e-09     2.35232e-08           6.6984e-11            1.39574e-16           3.50424e-32           0.106946              0               
160    3.74102e-12     1.57219e-11           3.97336e-14           2.58391e-20           2.31647e-36           0.10684               0               
161    0.00559691      0.0112837             7.30965e-05           1.50998e-08           3.4766e-18            0.0520837             0.057337        
162    3.0558e-06      1.28549e-05           1.97825e-08           1.10131e-13           1.02312e-26           0.106513              0               
163    0.00559691      0.0112837             7.30965e-05           1.50998e-08           3.4766e-18            0.0520837             0.057337        
164    8.06393e-05     0.00033936            3.88825e-07           1.82453e-12           4.18547e-25           0.106382              0               
165    2.15276e-39     3.47174e-52           2.64956e-41           9.04252e-39           1.00183e-42           1.01321               0               
166    2.2872e-21      9.02217e-24           9.5985e-21            2.88937e-23           8.48895e-34           0.440208              0               
167    5.18813e-38     5.3398e-48            2.46239e-39           2.16117e-37           6.97995e-42           1.00828               0               
168    6.20386e-35     1.59395e-43           3.15422e-36           2.58137e-34           8.95999e-38           1.00833               0               
169    1.18028e-42     1.26012e-55           7.45788e-45           4.96393e-42           1.34735e-45           1.0143                0               
170    2.60441e-24     2.84507e-38           9.53487e-31           7.42389e-27           1.09655e-23           2.65258               0               
171    1.02663e-62     1.51194e-96           1.02462e-77           1.89961e-68           4.32539e-62           2.65369               0               
172    9.25579e-34     3.82097e-42           2.72737e-35           3.8065e-33            6.58675e-35           1.03837               0               
173    5.8586e-30      3.96386e-35           8.00288e-30           1.66803e-29           2.32187e-34           0.828003              0               
174    6.83628e-41     5.33918e-55           2.84405e-45           3.71781e-41           2.50845e-40           2.44211               0               
175    0.079066        0.079066              0.079066              0.079066              0.079066              1                     0.079066        
176    0.055941        0.055941              0.055941              0.055941              0.055941              1                     0.055941        
177    0.053052        0.053052              0.053052              0.053052              0.053052              1                     0.053052        
178    0.099081        0.099081              0.099081              0.099081              0.099081              1                     0.099081        
179    0.069147        0.069147              0.069147              0.069147              0.069147              1                     0.069147        
180    0.069147        0.069147              0.069147              0.069147              0.069147              1                     0.069147        
181    0.099081        0.099081              0.099081              0.099081              0.099081              1                     0.099081        
182    0.055941        0.055941              0.055941              0.055941              0.055941              1                     0.055941        
183    0.079066        0.079066              0.079066              0.079066              0.079066              1                     0.079066        
184    0.071586        0.071586              0.071586              0.071586              0.071586              1                     0.071586        
185    0.012066        0.012066              0.012066              0.012066              0.012066              1                     0.012066        
186    0.061197        0.061197              0.061197              0.061197              0.061197              1                     0.061197        
187    0.079066        0.079066              0.079066              0.079066              0.079066              1                     0.079066        
188    0.042302        0.042302              0.042302              0.042302              0.042302              1                     0.042302        
189    0.0646          0.0646                0.0646                0.0646                0.0646                1                     0.0646          
190    0.041977        0.041977              0.041977              0.041977              0.041977              1                     0.041977        
191    0.069147        0.069147              0.069147              0.069147              0.069147              1                     0.069147        
192    0.099081        0.099081              0.099081              0.099081              0.099081              1                     0.099081        
193    0.040767        0.040767              0.040767              0.040767              0.040767              1                     0.040767        
194    0.053052        0.053052              0.053052              0.053052              0.053052              1                     0.053052        
195    0.022951        0.022951              0.022951              0.022951              0.022951              1                     0.022951        
196    0.0646          0.0646                0.0646                0.0646                0.0646                1                     0.0646          
197    0.099081        0.099081              0.099081              0.099081              0.099081              1                     0.099081        
198    0.061197        0.061197              0.061197              0.061197              0.061197              1                     0.061197        
199    0.00232578      0.00074863            0.00231239            0.00335873            0.00337921            1.37459               0               
200    5.7335e-22      1.0656e-29            3.78515e-24           5.55226e-22           1.85663e-21           2.2735                0               
201    1.04941e-28     3.07713e-43           2.01504e-35           1.65791e-31           4.4197e-28            2.65307               0               
202    3.58066e-43     1.29284e-59           1.6193e-48            6.3979e-44            1.44462e-42           2.58418               0               
203    1.72903e-56     1.35386e-82           1.05822e-66           1.67995e-59           7.28306e-56           2.65331               0               
204    7.36197e-50     1.23063e-64           8.66932e-53           3.09698e-49           3.90094e-52           1.01662               0               
205    1.17503e-47     1.95805e-65           1.99813e-53           2.35375e-48           4.71527e-47           2.57576               0               
206    2.41847e-42     6.80995e-58           1.22343e-45           1.01711e-41           1.72246e-44           1.01742               0               
207    4.19808e-36     4.61967e-46           9.6754e-38            1.75697e-35           2.09032e-38           1.0135                0               
208    2.83406e-15     1.01917e-16           1.1747e-14            9.15125e-17           5.20051e-25           0.440366              0               
209    2.82459e-22     2.90396e-24           1.18537e-21           1.77766e-24           9.60971e-35           0.438841              0               
210    2.3382e-06      9.84408e-06           7.23443e-09           1.65437e-14           1.18769e-27           0.106246              0               
211    4.66666e-15     3.11378e-16           1.63232e-14           3.02697e-15           1.91317e-20           0.52219               0               
212    4.78974e-63     6.70885e-98           1.82891e-78           6.72256e-69           2.01801e-62           2.65369               0               
213    1.59254e-07     1.11267e-10           1.35417e-08           1.241e-07             5.33216e-07           2.30542               0               
214    2.97782e-51     6.12241e-69           1.59729e-56           1.0733e-51            1.14728e-50           2.51347               0               
215    4.85355e-25     1.21863e-29           5.80405e-25           1.46445e-24           2.9066e-29            0.851268              0               
216    3.48048e-26     7.41723e-28           1.43316e-25           2.58182e-27           8.1566e-35            0.447249              0               
217    2.82331e-22     9.68992e-22           2.20524e-22           1.43965e-27           6.64157e-41           0.167699              0               
218    4.54498e-06     1.91481e-05           8.11159e-10           2.05584e-17           2.03869e-34           0.106015              0               
219    4.44805e-32     2.99079e-38           9.46524e-33           1.77551e-31           3.88912e-34           0.989028              0               
220    2.55392e-47     3.12949e-61           2.73218e-50           1.06975e-46           5.99267e-49           1.0237                0               
221    3.4839e-21      1.86296e-22           1.44864e-20           5.67146e-24           9.63454e-35           0.434791              0               
222    1.5142e-14      3.63289e-15           6.00143e-14           1.49051e-16           1.35313e-26           0.421187              0               
223    5.5438e-36      3.41322e-44           1.66362e-36           2.16933e-35           1.38986e-40           0.973704              0               
224    3.90341e-36     3.70798e-43           4.20556e-36           1.22403e-35           4.60181e-42           0.86744               0               
225    5.55551e-27     4.33834e-31           1.68018e-26           6.60422e-27           1.47447e-33           0.601285              0               
226    0.055941        0.055941              0.055941              0.055941              0.055941              1                     0.055941        
227    0.040767        0.040767              0.040767              0.040767              0.040767              1                     0.040767        
228    0.071586        0.071586              0.071586              0.071586              0.071586              1                     0.071586        
229    0.034155        0.034155              0.034155              0.034155              0.034155              1                     0.034155        
230    0.057337        0.057337              0.057337              0.057337              0.057337              1                     0.057337        
231    0.061197        0.061197              0.061197              0.061197              0.061197              1                     0.061197        
232    0.053287        0.053287              0.053287              0.053287              0.053287              1                     0.053287        
233    0.034155        0.034155              0.034155              0.034155              0.034155              1                     0.034155        
234    0.099081        0.099081              0.099081              0.099081              0.099081              1                     0.099081        
235    0.055941        0.055941              0.055941              0.055941              0.055941              1                     0.055941        
236    0.053052        0.053052              0.053052              0.053052              0.053052              1                     0.053052        
237    0.053287        0.053287              0.053287              0.053287              0.053287              1                     0.053287        
238    0.00170687      0.0004551             0.00162872            0.00251757            0.00259001            1.41705               0               
239    5.88184e-27     6.78269e-32           7.42695e-27           1.73542e-26           1.43969e-31           0.842119              0               
240    3.41154e-21     1.26487e-23           1.1545e-20            2.81589e-21           7.14992e-27           0.551329              0               
241    0.079066        0.079066              0.079066              0.079066              0.079066              1                     0.079066        
242    0.062157        0.062157              0.062157              0.062157              0.062157              1                     0.062157        
243    0.069147        0.069147              0.069147              0.069147              0.069147              1                     0.069147        
244    0.099081        0.099081              0.099081              0.099081              0.099081              1                     0.099081        
245    0.061197        0.061197              0.061197              0.061197              0.061197              1                     0.061197        
246    0.053287        0.053287              0.053287              0.053287              0.053287              1                     0.053287        
247    0.069147        0.069147              0.069147              0.069147              0.069147              1                     0.069147        
248    0.012937        0.012937              0.012937              0.012937              0.012937              1                     0.012937        
249    0.012937        0.012937              0.012937              0.012937              0.012937              1                     0.012937        
250    0.071586        0.071586              0.071586              0.071586              0.071586              1                     0.071586        
251    0.055941        0.055941              0.055941              0.055941              0.055941              1                     0.055941        
252    0.057337        0.057337              0.057337              0.057337              0.057337              1                     0.057337        
253    0.042302        0.042302              0.042302              0.042302              0.042302              1                     0.042302        
254    0.061197        0.061197              0.061197              0.061197              0.061197              1                     0.061197        
255    0.053287        0.053287              0.053287              0.053287              0.053287              1                     0.053287        
256    0.022951        0.022951              0.022951              0.022951              0.022951              1                     0.022951        
257    0.079066        0.079066              0.079066              0.079066              0.079066              1                     0.079066        
258    0.012066        0.012066              0.012066              0.012066              0.012066              1                     0.012066        
259    0.069147        0.069147              0.069147              0.069147              0.069147              1                     0.069147        
260    0.0646          0.0646                0.0646                0.0646                0.0646                1                     0.0646          
261    0.061197        0.061197              0.061197              0.061197              0.061197              1                     0.061197        
262    1.70337e-13     4.79521e-17           3.07812e-14           2.49241e-13           4.37591e-13           1.98931               0               
263    1.71183e-09     2.08047e-12           3.74492e-10           3.08691e-09           3.74877e-09           1.83645               0               
264    1.73155e-09     2.60254e-12           4.28176e-10           3.33284e-09           3.53175e-09           1.77403               0               
265    1.45745e-52     7.14199e-77           5.18971e-60           3.10259e-53           5.83027e-52           2.57088               0               
266    1.14977e-63     2.77832e-97           2.0436e-77            2.33456e-68           4.8442e-63            2.65368               0               
267    5.72911e-36     6.67145e-43           1.53888e-36           2.25955e-35           3.53209e-39           0.978238              0               
268    7.58438e-30     1.26218e-31           3.18008e-29           2.74558e-32           1.58261e-42           0.437973              0               
269    0.000308902     0.00023516            0.000303984           0.000335529           0.000426793           1.25347               0               
270    3.55127e-59     1.58056e-84           1.06782e-67           1.27525e-60           1.48347e-58           2.63972               0               
271    8.32258e-56     1.26332e-80           1.95397e-64           1.95685e-57           3.4869e-55            2.64454               0               
272    1.92923e-38     4.33726e-49           3.29145e-40           8.09255e-38           2.76638e-41           1.01294               0               
273    1.19726e-16     3.85874e-18           4.17778e-16           8.27913e-17           5.4367e-22            0.530775              0               
274    4.42072e-58     1.11508e-91           4.6405e-72            8.10442e-63           1.86253e-57           2.65368               0               
275    2.45686e-56     4.4786e-87            1.22826e-68           2.72497e-60           1.0351e-55            2.65364               0               
276    0.000670293     0.000221963           0.000783893           0.00111977            0.000698446           1.18878               0               
277    4.53848e-13     9.86132e-13           9.25071e-13           9.47205e-16           2.23198e-24           0.267451              0               
278    4.58834e-19     2.71637e-21           1.76096e-18           1.69476e-19           4.01329e-26           0.488815              0               
279    2.15883e-71     1.92423e-120          1.60661e-94           2.84712e-81           9.09556e-71           2.65369               0               
280    1.07591e-59     7.60494e-95           5.83983e-75           2.82974e-65           4.53301e-59           2.65369               0               
281    4.23329e-28     1.06322e-35           1.27468e-28           1.65609e-27           1.05884e-32           0.973565              0               
282    8.29474e-57     1.19931e-84           2.78867e-67           1.46737e-59           3.49327e-56           2.653                 0               
283    9.19757e-63     4.22548e-99           1.15081e-78           9.30524e-69           3.87511e-62           2.65369               0               
284    6.01689e-66     4.30962e-104          2.9914e-83            1.07258e-72           2.53503e-65           2.65369               0               
285    1.27861e-38     1.06585e-50           4.67909e-42           2.20595e-38           3.18059e-38           1.98234               0               
286    0.0155738       0.0344966             0.00961323            0.00465371            0.00380503            0.34587               0.061197        
287    2.85174e-07     8.71158e-10           4.16927e-08           2.66845e-07           8.92083e-07           2.21097               0               
288    2.35578e-08     1.02199e-11           2.32285e-09           2.27315e-08           7.4189e-08            2.22622               0               
289    5.90749e-11     3.81802e-14           8.57454e-12           6.50461e-11           1.75235e-10           2.14866               0               
290    6.20722e-22     4.23832e-32           6.62912e-26           4.06288e-23           2.57453e-21           2.62817               0               
291    1.47426e-50     1.83527e-78           3.05141e-61           1.22566e-53           6.21013e-50           2.65336               0               
292    1.59386e-50     2.06088e-67           9.3831e-55            4.08114e-50           2.63403e-50           1.65759               0               
293    2.3038e-45      1.2469e-60            6.07412e-49           9.05645e-45           6.49284e-46           1.12431               0               
294    8.562e-57       1.99073e-86           1.55908e-68           2.05607e-60           3.60713e-56           2.65359               0               
295    7.74939e-06     5.97041e-08           9.90019e-07           4.94264e-06           2.66574e-05           2.33375               0               
296    1.02172e-60     3.63498e-92           9.0251e-74            3.28371e-65           4.30468e-60           2.65367               0               
297    5.80689e-36     9.11475e-47           5.64189e-38           2.43808e-35           2.8382e-38            1.01529               0               
298    2.20197e-05     5.70508e-06           2.88979e-05           3.04321e-05           2.77382e-05           1.26947               0               
299    2.49e-06        3.63653e-08           8.88581e-07           3.18962e-06           6.37629e-06           1.95894               0               
300    7.56385e-05     6.28093e-05           0.000117127           8.79125e-05           5.08313e-05           0.885367              0               
301    1.76818e-30     1.98912e-38           1.05917e-30           6.39053e-30           3.1592e-36            0.932834              0               
302    2.0654e-08      8.69962e-08           2.32762e-11           2.80504e-18           2.66774e-34           0.10609               0               
303    6.47864e-09     2.70806e-08           2.15216e-10           5.26305e-15           9.30308e-27           0.108625              0               
304    2.69011e-11     1.05572e-10           7.76493e-12           2.40534e-15           1.82366e-24           0.12882               0               
305    1.7675e-11      6.58068e-11           8.65908e-12           2.20432e-15           1.09793e-25           0.144725              0               
306    2.65357e-55     1.28782e-79           2.50819e-64           1.61485e-57           1.11638e-54           2.65132               0               
307    1.19548e-14     3.25161e-16           4.0609e-14            9.43348e-15           7.98072e-20           0.544513              0               
308    2.79777e-09     1.1741e-08            4.6531e-11            1.40077e-16           4.92484e-30           0.107315              0               
309    1.79575e-15     9.87999e-16           6.56512e-15           1.27212e-17           3.68879e-27           0.396303              0               
310    4.17713e-54     3.43515e-78           1.41271e-62           6.55468e-56           1.75335e-53           2.64758               0               
311    2.68964e-39     3.06437e-47           1.41753e-39           9.91442e-39           2.0066e-44            0.942675              0               
312    2.55634e-51     9.8912e-71            3.05565e-57           1.23404e-51           9.53633e-51           2.4659                0               
313    5.63913e-05     0.000218711           1.88158e-05           6.09179e-08           3.90863e-15           0.13259               0               
314    6.28591e-50     1.53831e-65           8.39896e-54           1.61891e-49           1.02938e-49           1.65174               0               
315    0.040767        0.040767              0.040767              0.040767              0.040767              1                     0.040767        
316    0.079066        0.079066              0.079066              0.079066              0.079066              1                     0.079066        
317    0.0646          0.0646                0.0646                0.0646                0.0646                1                     0.0646          
318    0.055941        0.055941              0.055941              0.055941              0.055941              1                     0.055941        
319    0.053287        0.053287              0.053287              0.053287              0.053287              1                     0.053287        
320    0.04404         0.04404               0.04404               0.04404               0.04404               1                     0.04404         
321    0.061197        0.061197              0.061197              0.061197              0.061197              1                     0.061197        
322    0.055941        0.055941              0.055941              0.055941              0.055941              1                     0.055941        
323    0.061197        0.061197              0.061197              0.061197              0.061197              1                     0.061197        
324    0.022355        0.022355              0.022355              0.022355              0.022355              1                     0.022355        
325    0.04404         0.04404               0.04404               0.04404               0.04404               1                     0.04404         
326    0.057337        0.057337              0.057337              0.057337              0.057337              1                     0.057337        
327    0.069147        0.069147              0.069147              0.069147              0.069147              1                     0.069147        
328    0.079066        0.079066              0.079066              0.079066              0.079066              1                     0.079066        
329    0.055941        0.055941              0.055941              0.055941              0.055941              1                     0.055941        
330    0.04404         0.04404               0.04404               0.04404               0.04404               1                     0.04404         
331    0.055941        0.055941              0.055941              0.055941              0.055941              1                     0.055941        
332    0.0646          0.0646                0.0646                0.0646                0.0646                1                     0.0646          
333    0.0646          0.0646                0.0646                0.0646                0.0646                1                     0.0646          
334    0.053287        0.053287              0.053287              0.053287              0.053287              1                     0.053287        
335    0.079066        0.079066              0.079066              0.079066              0.079066              1                     0.079066        
336    0.069147        0.069147              0.069147              0.069147              0.069147              1                     0.069147        
337    0.079066        0.079066              0.079066              0.079066              0.079066              1                     0.079066        
338    0.040767        0.040767              0.040767              0.040767              0.040767              1                     0.040767        
339    0.04404         0.04404               0.04404               0.04404               0.04404               1                     0.04404         
340    0.069147        0.069147              0.069147              0.069147              0.069147              1                     0.069147        
341    0.022355        0.022355              0.022355              0.022355              0.022355              1                     0.022355        
342    0.053052        0.053052              0.053052              0.053052              0.053052              1                     0.053052        
343    0.069147        0.069147              0.069147              0.069147              0.069147              1                     0.069147        
344    0.099081        0.099081              0.099081              0.099081              0.099081              1                     0.099081        
345    0.079066        0.079066              0.079066              0.079066              0.079066              1                     0.079066        
346    0.079066        0.079066              0.079066              0.079066              0.079066              1                     0.079066        
347    0.069147        0.069147              0.069147              0.069147              0.069147              1                     0.069147        
348    0.053052        0.053052              0.053052              0.053052              0.053052              1                     0.053052        
349    0.055941        0.055941              0.055941              0.055941              0.055941              1                     0.055941        
350    0.071586        0.071586              0.071586              0.071586              0.071586              1                     0.071586        
351    0.079066        0.079066              0.079066              0.079066              0.079066              1                     0.079066        
352    0.079066        0.079066              0.079066              0.079066              0.079066              1                     0.079066        
353    1.51144e-05     6.34469e-05           2.32886e-07           1.05195e-11           6.10982e-22           0.107219              0               
354    8.84122e-48     3.09904e-66           5.30987e-53           6.25379e-48           3.09959e-47           2.37852               0               
355    1.01136e-62     1.46201e-93           5.71439e-75           8.12004e-67           4.26096e-62           2.65366               0               
356    1.46497e-18     8.04972e-20           6.00584e-18           8.58797e-20           2.26796e-27           0.442466              0               
357    1.80699e-23     4.13587e-26           7.47414e-23           1.34925e-24           1.5288e-33            0.448819              0               
358    4.48685e-58     5.04237e-81           5.21893e-65           1.43679e-58           1.74672e-57           2.52912               0               
359    5.64541e-46     2.13942e-63           2.87461e-51           3.19398e-46           2.05912e-45           2.4336                0               
360    6.45719e-21     2.42043e-23           2.58945e-20           1.28675e-21           1.2241e-28            0.465736              0               
361    1.09312e-49     4.70027e-74           6.65488e-60           3.74607e-53           4.60515e-49           2.65355               0               
362    4.36893e-34     1.96548e-44           1.29513e-36           1.03246e-33           8.06965e-34           1.73283               0               
363    1.34565e-25     6.68481e-35           1.87886e-28           5.0311e-26            5.1645e-25            2.50751               0               
364    6.65037e-67     1.452e-104            5.67904e-83           8.32778e-73           2.80193e-66           2.65369               0               
365    4.18753e-55     2.82965e-84           1.0218e-66            9.19313e-59           1.7642e-54            2.6536                0               
366    2.48736e-57     7.55718e-88           7.45298e-71           2.68997e-62           1.04797e-56           2.65368               0               
367    2.76561e-38     3.08191e-49           1.99471e-40           1.14469e-37           1.85214e-39           1.03978               0               
368    2.34943e-23     4.13307e-26           9.02221e-23           8.72263e-24           6.7959e-31            0.489404              0               
369    3.7217e-59      2.63967e-84           8.63782e-68           6.67095e-61           1.56136e-58           2.64671               0               
370    0.00012505      4.00532e-06           5.14131e-05           0.000168405           0.000303038           1.8943                0               
371    0.000868144     9.16616e-05           0.000726313           0.00149836            0.00134133            1.47862               0               
372    0.00112351      0.00134754            0.00192397            0.00110486            0.000357187           0.645613              0               
373    0.000248056     3.57324e-05           0.000285998           0.000431141           0.000292238           1.28434               0               
374    0.000868144     9.16616e-05           0.000726313           0.00149836            0.00134133            1.47862               0               
375    0.00135404      0.000933529           0.00209656            0.00184965            0.000825072           0.891399              0               
376    0.0188808       0.0427453             0.0181045             0.00535201            0.00112258            0.262544              0.057337        
377    0.000105705     6.28104e-06           7.21763e-05           0.000160466           0.000206433           1.66826               0               
378    0.00136781      0.000314019           0.00139719            0.00222961            0.00182202            1.34376               0               
379    2.54299e-38     4.2274e-49            7.93142e-40           1.06346e-37           1.57583e-42           1.01048               0               
380    3.74859e-11     1.57312e-10           6.23291e-13           1.2823e-18            8.4289e-32            0.107315              0               
381    4.75491e-23     5.27436e-25           1.98801e-22           1.00498e-24           4.45694e-34           0.440806              0               
382    1.35135e-08     5.69343e-08           9.10781e-13           7.29793e-22           1.7924e-42            0.106007              0               
383    2.17201e-11     9.14795e-11           3.13937e-14           2.48351e-21           2.92e-37              0.106115              0               
384    5.54925e-05     0.000227167           6.62968e-06           3.8476e-09            4.61102e-18           0.115453              0               
385    1.10828e-05     4.66937e-05           3.25923e-10           1.11979e-18           2.76414e-36           0.106004              0               
386    0.0057095       0.0117449             8.62734e-05           2.21432e-08           9.42439e-18           0.0533295             0.057337        
