Note : P(D|M) is the probability of site D given the model M (i.e., the site likelihood)
P(D|M,rr[x]) is the probability of site D given the model M and the relative rate
of evolution rr[x], where x is the class of rate to be considered.
We have P(D|M) = \sum_x P(x) x P(D|M,rr[x]).


Site   P(D|M)          P(D|M,rr[1]=0.0913)   P(D|M,rr[2]=0.3990)   P(D|M,rr[3]=0.9513)   P(D|M,rr[4]=2.5584)   Posterior mean        P(D|M,rr[0]=0)  
1      0.0116882       0.0134737             1.8857e-05            2.55693e-10           1.20652e-22           0.0264785             0.099081        
2      0.00802983      0.00508372            5.58703e-07           7.49848e-14           7.65672e-32           0.0144607             0.079066        
3      6.573e-43       5.63582e-55           7.73236e-45           2.87158e-42           4.17333e-47           1.0402                0               
4      3.61135e-41     3.89869e-51           1.17675e-41           1.46431e-40           5.98811e-49           0.996808              0               
5      1.09704e-22     2.11759e-25           4.31896e-22           4.84616e-23           3.5601e-31            0.497809              0               
6      0.00870112      0.0160681             0.000226312           1.17721e-07           6.39252e-17           0.0447573             0.057337        
7      5.00545e-15     6.77617e-15           1.51386e-14           1.19925e-17           5.95047e-29           0.333164              0               
8      0.00145412      0.0014454             9.08324e-07           1.71034e-12           5.98773e-29           0.0227554             0.012937        
9      0.0019695       0.00394376            9.15839e-05           1.08973e-07           3.93181e-16           0.0503669             0.012066        
10     0.00870112      0.0160681             0.000226312           1.17721e-07           6.39252e-17           0.0447573             0.057337        
11     6.0942e-08      2.66863e-07           9.82819e-11           7.65664e-18           2.00507e-35           0.100133              0               
12     1.42714e-07     6.14688e-07           1.04824e-08           3.09639e-13           2.64181e-26           0.105659              0               
13     3.27737e-05     0.00014318            3.88169e-07           2.48186e-12           1.07868e-26           0.10092               0               
14     2.63187e-17     3.17205e-17           8.35676e-17           3.21609e-21           9.14868e-37           0.344274              0               
15     3.16723e-09     1.38459e-08           2.84119e-11           6.52763e-18           4.06729e-35           0.100699              0               
16     7.33672e-21     5.96646e-21           2.61703e-20           2.38735e-24           5.86228e-39           0.374455              0               
17     3.24604e-21     2.59676e-21           1.16227e-20           3.18323e-26           3.66618e-46           0.375431              0               
18     1.32955e-08     5.81373e-08           1.04669e-10           6.14942e-17           2.32244e-34           0.100614              0               
19     2.97327e-23     9.44619e-27           9.7992e-23            3.2245e-23            8.89202e-31           0.586678              0               
20     1.87023e-14     3.96175e-14           4.22991e-14           1.01731e-17           3.97365e-30           0.274097              0               
21     8.95784e-17     2.19208e-16           1.73193e-16           4.45164e-21           1.64994e-36           0.248739              0               
22     7.47451e-21     8.21245e-23           3.24112e-20           2.49357e-22           3.66115e-33           0.440726              0               
23     1.91964e-48     3.81061e-64           1.81602e-51           8.40699e-48           3.33095e-52           1.04174               0               
24     4.58247e-44     1.62297e-55           1.16555e-45           1.99573e-43           1.12638e-49           1.03829               0               
25     1.63912e-29     9.38653e-36           1.67954e-29           5.50075e-29           8.01957e-36           0.900322              0               
26     1.67056e-15     1.13408e-16           6.14891e-15           1.05571e-15           2.94579e-21           0.518998              0               
27     8.12688e-42     6.42848e-56           8.19505e-45           3.55637e-41           2.85245e-44           1.04307               0               
28     3.47902e-49     9.18429e-66           1.04271e-52           1.52321e-48           7.02909e-52           1.04257               0               
29     3.25948e-63     1.81153e-86           3.64386e-69           1.2398e-62            1.88039e-63           1.27358               0               
30     1.86525e-33     4.90105e-38           8.0206e-33            1.50254e-34           1.03919e-45           0.448085              0               
31     3.17674e-23     1.77292e-24           1.36003e-22           1.38356e-24           1.05673e-34           0.438685              0               
32     2.59203e-39     1.67224e-46           8.17653e-39           3.17805e-39           3.42053e-49           0.606253              0               
33     3.04365e-10     1.33074e-09           2.55213e-12           2.82367e-19           2.01042e-39           0.100654              0               
34     0.00407912      0.00189321            6.10091e-08           8.02851e-16           4.68959e-37           0.0105974             0.041977        
35     0.00803772      0.00796013            5.44453e-06           1.77761e-11           6.05233e-26           0.0226772             0.071586        
36     8.22823e-10     3.59642e-09           8.02057e-12           2.74143e-18           9.99266e-35           0.100758              0               
37     3.48941e-09     1.5276e-08            9.63649e-12           3.99543e-19           1.52114e-37           0.100221              0               
38     0.00223542      0.00128446            8.89651e-08           3.71135e-15           7.97955e-36           0.0131219             0.022355        
39     0.00407912      0.00189321            6.10091e-08           8.02851e-16           4.68959e-37           0.0105974             0.041977        
40     1.32835e-06     5.22818e-06           5.88745e-07           2.04096e-09           3.93456e-17           0.134431              0               
41     2.04228e-62     1.90392e-81           1.51659e-67           4.80488e-62           4.14147e-62           1.85655               0               
42     0.00649893      0.002153              2.58931e-08           1.63556e-16           1.05107e-35           0.00756365            0.069147        
43     0.00407912      0.00189321            6.10091e-08           8.02851e-16           4.68959e-37           0.0105974             0.041977        
44     5.60304e-67     2.5309e-96            3.94196e-76           1.07282e-67           2.34718e-66           2.72488               0               
45     3.5259e-49      2.93932e-63           1.07667e-51           1.54345e-48           2.53545e-53           1.04141               0               
46     5.19631e-15     8.32887e-15           1.44242e-14           9.81281e-18           1.92222e-28           0.313934              0               
47     9.19808e-87     9.70189e-144          4.10457e-113          1.98007e-97           4.02929e-86           2.80181               0               
48     0.079066        0.079066              0.079066              0.079066              0.079066              1                     0.079066        
49     0.055941        0.055941              0.055941              0.055941              0.055941              1                     0.055941        
50     0.055941        0.055941              0.055941              0.055941              0.055941              1                     0.055941        
51     0.055941        0.055941              0.055941              0.055941              0.055941              1                     0.055941        
52     0.04404         0.04404               0.04404               0.04404               0.04404               1                     0.04404         
53     0.057337        0.057337              0.057337              0.057337              0.057337              1                     0.057337        
54     0.079066        0.079066              0.079066              0.079066              0.079066              1                     0.079066        
55     0.057337        0.057337              0.057337              0.057337              0.057337              1                     0.057337        
56     0.057337        0.057337              0.057337              0.057337              0.057337              1                     0.057337        
57     0.062157        0.062157              0.062157              0.062157              0.062157              1                     0.062157        
58     0.057337        0.057337              0.057337              0.057337              0.057337              1                     0.057337        
59     0.055941        0.055941              0.055941              0.055941              0.055941              1                     0.055941        
60     0.057337        0.057337              0.057337              0.057337              0.057337              1                     0.057337        
61     0.012937        0.012937              0.012937              0.012937              0.012937              1                     0.012937        
62     0.055941        0.055941              0.055941              0.055941              0.055941              1                     0.055941        
63     0.069147        0.069147              0.069147              0.069147              0.069147              1                     0.069147        
64     1.42673e-62     2.54539e-91           1.24988e-72           1.74004e-64           6.2325e-62            2.79691               0               
65     3.62323e-42     2.72158e-47           1.5834e-41            3.78383e-44           3.14065e-61           0.438406              0               
66     5.22525e-50     3.95565e-68           8.20906e-55           1.63668e-49           6.52278e-50           1.54334               0               
67     9.29132e-45     1.33381e-56           9.11638e-46           3.97898e-44           1.18465e-52           1.02825               0               
68     1.04922e-73     2.07187e-113          4.37758e-89           5.58854e-78           4.59615e-73           2.80179               0               
69     1.54033e-31     1.57334e-35           5.8605e-31            8.86902e-32           1.93471e-40           0.516456              0               
70     3.83177e-36     1.1734e-44            7.15446e-36           9.63094e-36           3.14726e-45           0.783999              0               
71     9.06049e-15     5.73255e-18           5.46888e-15           3.22076e-14           2.00798e-15           1.04736               0               
72     8.2738e-71      8.84162e-108          8.42227e-87           1.48434e-76           3.6244e-70            2.80181               0               
73     4.6948e-86      2.27549e-128          1.70237e-103          7.51688e-92           2.05659e-85           2.80181               0               
74     1.3353e-89      1.34952e-144          4.06889e-115          4.34514e-100          5.84939e-89           2.80181               0               
75     0.057337        0.057337              0.057337              0.057337              0.057337              1                     0.057337        
76     0.055941        0.055941              0.055941              0.055941              0.055941              1                     0.055941        
77     0.099081        0.099081              0.099081              0.099081              0.099081              1                     0.099081        
78     0.057337        0.057337              0.057337              0.057337              0.057337              1                     0.057337        
79     0.057337        0.057337              0.057337              0.057337              0.057337              1                     0.057337        
80     0.057337        0.057337              0.057337              0.057337              0.057337              1                     0.057337        
81     0.000956065     0.000126364           0.000525536           0.00114643            0.00238979            1.94177               0               
82     4.25525e-69     5.90519e-110          4.59462e-88           4.60251e-77           1.86405e-68           2.80181               0               
83     9.64548e-47     1.60107e-72           1.31345e-56           3.00522e-49           4.22228e-46           2.80056               0               
84     3.68764e-06     9.78363e-08           1.35462e-06           4.46951e-06           1.02321e-05           2.10018               0               
85     2.6936e-08      1.90451e-11           1.19025e-09           1.05991e-08           1.06187e-07           2.61942               0               
86     6.87551e-54     3.11009e-77           2.78969e-62           1.51016e-55           2.99677e-53           2.79298               0               
87     2.66389e-70     6.30677e-110          5.67811e-88           6.24026e-77           1.16694e-69           2.80181               0               
88     4.15845e-07     2.18558e-10           1.78693e-08           1.97676e-07           1.60588e-06           2.5873                0               
89     0.000450409     8.63712e-05           0.00032538            0.000603471           0.000957832           1.75524               0               
90     0.000987607     9.88617e-05           0.000464638           0.00115233            0.00261046            2.0173                0               
91     0.000376725     6.92228e-05           0.000260501           0.000496619           0.000823932           1.78554               0               
92     1.51382e-05     6.62493e-05           6.50186e-08           7.52519e-14           6.85567e-30           0.100339              0               
93     3.48981e-31     3.76617e-35           1.24811e-30           2.80588e-31           6.23989e-40           0.547969              0               
94     2.46379e-28     4.75787e-32           9.01483e-28           1.77751e-28           5.97783e-37           0.536562              0               
95     6.50275e-44     2.12936e-53           4.28404e-44           2.42018e-43           1.16314e-52           0.950836              0               
96     1.1804e-72      2.33956e-107          1.19038e-86           6.78147e-77           5.17078e-72           2.80179               0               
97     2.31273e-29     5.12773e-35           9.71313e-29           4.17984e-30           1.35413e-41           0.461918              0               
98     2.86783e-85     1.33526e-137          4.22711e-109          8.65231e-95           1.25628e-84           2.80181               0               
99     9.65989e-74     4.51013e-118          6.99877e-93           8.75676e-81           4.2316e-73            2.80181               0               
100    1.0998e-27      3.46876e-33           5.62588e-28           4.25505e-27           1.32833e-31           0.971218              0               
101    1.36716e-15     3.07702e-15           2.91136e-15           5.68015e-19           1.23487e-31           0.2639                0               
102    1.41021e-09     6.17586e-09           1.69854e-12           8.23764e-20           7.70684e-38           0.100101              0               
103    6.48602e-06     2.8411e-05            1.56115e-09           2.475e-17             4.20925e-36           0.100027              0               
104    9.19432e-27     6.61292e-30           4.02077e-26           6.21515e-29           1.75927e-41           0.437843              0               
105    2.70905e-09     1.16154e-08           2.51846e-10           1.33257e-14           1.53386e-26           0.107161              0               
106    0.00729553      0.0148167             0.000380564           5.49679e-07           3.85148e-15           0.0515875             0.04404         
107    0.00792221      0.00461246            3.66267e-07           2.77437e-14           5.88072e-33           0.0132967             0.079066        
108    0.00484095      0.00510237            4.44563e-06           1.98793e-11           7.68172e-26           0.0241545             0.042302        
109    0.057337        0.057337              0.057337              0.057337              0.057337              1                     0.057337        
110    0.057337        0.057337              0.057337              0.057337              0.057337              1                     0.057337        
111    0.04404         0.04404               0.04404               0.04404               0.04404               1                     0.04404         
112    0.055941        0.055941              0.055941              0.055941              0.055941              1                     0.055941        
113    0.061197        0.061197              0.061197              0.061197              0.061197              1                     0.061197        
114    0.055941        0.055941              0.055941              0.055941              0.055941              1                     0.055941        
115    0.04404         0.04404               0.04404               0.04404               0.04404               1                     0.04404         
116    0.057337        0.057337              0.057337              0.057337              0.057337              1                     0.057337        
117    0.057337        0.057337              0.057337              0.057337              0.057337              1                     0.057337        
118    0.04404         0.04404               0.04404               0.04404               0.04404               1                     0.04404         
119    0.079066        0.079066              0.079066              0.079066              0.079066              1                     0.079066        
120    0.079066        0.079066              0.079066              0.079066              0.079066              1                     0.079066        
121    0.04404         0.04404               0.04404               0.04404               0.04404               1                     0.04404         
122    0.04404         0.04404               0.04404               0.04404               0.04404               1                     0.04404         
123    0.061197        0.061197              0.061197              0.061197              0.061197              1                     0.061197        
124    0.099081        0.099081              0.099081              0.099081              0.099081              1                     0.099081        
125    0.053287        0.053287              0.053287              0.053287              0.053287              1                     0.053287        
126    0.061197        0.061197              0.061197              0.061197              0.061197              1                     0.061197        
127    0.055941        0.055941              0.055941              0.055941              0.055941              1                     0.055941        
128    0.057337        0.057337              0.057337              0.057337              0.057337              1                     0.057337        
129    0.055941        0.055941              0.055941              0.055941              0.055941              1                     0.055941        
130    0.061197        0.061197              0.061197              0.061197              0.061197              1                     0.061197        
131    0.069147        0.069147              0.069147              0.069147              0.069147              1                     0.069147        
132    0.00853028      0.0153601             0.00018596            7.38688e-08           1.85678e-17           0.0432857             0.057337        
133    9.3975e-07      4.11511e-06           1.54399e-09           3.20581e-16           2.71457e-34           0.100135              0               
134    2.31174e-28     4.88898e-31           1.012e-27             1.85423e-31           6.90443e-48           0.436913              0               
135    8.44631e-31     3.53926e-35           3.51412e-30           1.85821e-31           6.56831e-41           0.467338              0               
136    1.80179e-31     3.80927e-37           5.48596e-31           2.4069e-31            4.7238e-41            0.621406              0               
137    0.00803772      0.00796013            5.44453e-06           1.77761e-11           6.05232e-26           0.0226772             0.071586        
138    1.20094e-06     5.26079e-06           3.3474e-11            4.12827e-21           2.23193e-48           0.100011              0               
139    4.17267e-51     1.69184e-63           1.53966e-52           1.81247e-50           3.65222e-58           1.0367                0               
140    1.27138e-65     4.64497e-101          6.97426e-81           6.02833e-71           5.56936e-65           2.80181               0               
141    1.72326e-22     1.12854e-24           7.3756e-22            1.61995e-23           1.30317e-32           0.44944               0               
142    1.33652e-50     1.36261e-68           1.39694e-54           5.8517e-50            2.90265e-53           1.04266               0               
143    1.84134e-60     2.46784e-90           9.04783e-71           3.23414e-62           8.03379e-60           2.79475               0               
144    9.90101e-47     1.8167e-63            2.99208e-50           4.33498e-46           1.93871e-49           1.04254               0               
145    1.87579e-51     7.14533e-69           8.20181e-56           7.45415e-51           7.62797e-52           1.20518               0               
146    5.56448e-37     3.13075e-42           2.33252e-36           1.0504e-37            6.32659e-49           0.463028              0               
147    7.25684e-50     1.41124e-63           7.42642e-52           3.17149e-49           2.43337e-56           1.04039               0               
148    5.69443e-28     8.18182e-31           2.49223e-27           1.4451e-30            1.70198e-44           0.437205              0               
149    1.57484e-07     6.89704e-07           1.67148e-10           6.52635e-18           3.29134e-36           0.10009               0               
150    0.00588489      0.00558548            3.15914e-06           7.14926e-12           6.64507e-27           0.021722              0.053052        
151    5.48445e-07     2.40227e-06           2.35969e-10           4.3992e-18            3.80336e-39           0.100042              0               
152    0.00511524      0.00212765            4.69462e-08           3.54735e-16           1.02669e-37           0.00949689            0.053287        
153    0.00142942      0.00133746            6.47265e-07           7.63366e-13           6.90891e-30           0.0214064             0.012937        
154    0.00729553      0.0148167             0.000380564           5.49679e-07           3.85148e-15           0.0515875             0.04404         
155    6.38498e-07     2.57383e-06           2.22685e-07           4.75426e-10           2.04458e-18           0.126996              0               
156    0.00650123      0.00216307            2.64268e-08           1.71718e-16           1.19897e-35           0.00759635            0.069147        
157    9.40118e-24     3.92959e-25           4.07884e-23           1.24079e-27           5.85083e-45           0.433768              0               
158    5.17869e-08     2.2573e-07            1.12713e-09           3.98729e-15           1.69042e-30           0.101683              0               
159    0.00649893      0.002153              2.58931e-08           1.63556e-16           1.05107e-35           0.00756365            0.069147        
160    0.00193122      0.00379065            7.7042e-05            7.21929e-08           1.30413e-16           0.0487996             0.012066        
161    6.03084e-45     3.75222e-53           8.46749e-45           1.79511e-44           4.19001e-55           0.847942              0               
162    8.99016e-37     2.11304e-42           3.69166e-36           2.46545e-37           1.47158e-49           0.474829              0               
163    3.8587e-13      1.68075e-12           9.57839e-15           3.05318e-21           2.68274e-38           0.101918              0               
164    9.2576e-18      1.37653e-18           3.90874e-17           8.97584e-20           6.81053e-31           0.426866              0               
165    1.3968e-45      7.7175e-59            1.40296e-47           6.10478e-45           4.98797e-51           1.04041               0               
166    2.4989e-28      4.38801e-31           1.09305e-27           1.17808e-30           1.38333e-45           0.43748               0               
167    4.23464e-44     8.50121e-56           1.19221e-45           1.84309e-43           1.21044e-49           1.03791               0               
168    1.60976e-58     1.21417e-85           3.24879e-67           1.71121e-59           6.88059e-58           2.7591                0               
169    1.0017e-52      7.3539e-69            2.99586e-56           4.38126e-52           6.4461e-55            1.04434               0               
170    1.33708e-57     2.22273e-87           2.9531e-69            9.10254e-61           5.85627e-57           2.80154               0               
171    3.69745e-54     3.09638e-71           1.06143e-57           1.61957e-53           2.14547e-58           1.04178               0               
172    3.56617e-06     1.56204e-05           1.54394e-09           2.90496e-17           2.55385e-38           0.100042              0               
173    3.45179e-33     1.48276e-36           1.51117e-32           7.62975e-36           1.02024e-51           0.437237              0               
174    0.069147        0.069147              0.069147              0.069147              0.069147              1                     0.069147        
175    0.04404         0.04404               0.04404               0.04404               0.04404               1                     0.04404         
176    0.055941        0.055941              0.055941              0.055941              0.055941              1                     0.055941        
177    0.079066        0.079066              0.079066              0.079066              0.079066              1                     0.079066        
178    0.055941        0.055941              0.055941              0.055941              0.055941              1                     0.055941        
179    0.055941        0.055941              0.055941              0.055941              0.055941              1                     0.055941        
180    4.67898e-29     5.20527e-35           1.86859e-28           1.81077e-29           1.74161e-40           0.490398              0               
181    7.24285e-12     3.16446e-11           8.32941e-14           7.8662e-21            8.33447e-39           0.100893              0               
182    0.00223542      0.00128446            8.89651e-08           3.71135e-15           7.97955e-36           0.0131219             0.022355        
183    1.66874e-05     6.94664e-05           3.63072e-06           3.36873e-09           2.16244e-18           0.116788              0               
184    6.03702e-06     2.64202e-05           2.53985e-08           2.83743e-14           2.42166e-30           0.100332              0               
185    6.75109e-36     1.08121e-43           7.70474e-37           2.88014e-35           1.8711e-39            1.02615               0               
186    2.0383e-73      4.00365e-105          6.83033e-84           7.71016e-75           8.85182e-73           2.78661               0               
187    0.00223542      0.00128446            8.89651e-08           3.71135e-15           7.97955e-36           0.0131219             0.022355        
188    0.00803772      0.00796013            5.44453e-06           1.77761e-11           6.05232e-26           0.0226772             0.071586        
189    0.00803772      0.00796013            5.44453e-06           1.77761e-11           6.05232e-26           0.0226772             0.071586        
190    1.17475e-13     4.9516e-13            1.94496e-14           1.36742e-20           9.1411e-40            0.112744              0               
191    4.85317e-40     2.27073e-53           1.40363e-41           2.11194e-39           1.10366e-46           1.03781               0               
192    8.28486e-06     3.62787e-05           1.38209e-08           2.90141e-15           2.1856e-33            0.100137              0               
193    0.00511524      0.00212765            4.69462e-08           3.54735e-16           1.02669e-37           0.00949689            0.053287        
194    1.15745e-28     2.83259e-31           5.05077e-28           1.67046e-30           3.3407e-43            0.438769              0               
195    0.00565429      0.00147865            6.52032e-09           3.98405e-18           2.37819e-41           0.00597038            0.061197        
196    6.62638e-20     5.51077e-20           2.35084e-19           8.24248e-23           5.81104e-36           0.373166              0               
197    1.99704e-19     4.20058e-19           4.54742e-19           1.86156e-23           1.25329e-38           0.275183              0               
198    1.41699e-66     9.52488e-105          1.5729e-82            8.45134e-72           6.20725e-66           2.80181               0               
199    4.48283e-69     1.61684e-94           3.55815e-77           1.00197e-69           1.86354e-68           2.71201               0               
200    5.12356e-10     1.9144e-09            3.29924e-10           8.92866e-14           2.68569e-25           0.149578              0               
201    1.39529e-33     1.52638e-43           2.18265e-34           5.89391e-33           2.65654e-39           1.0202                0               
202    5.25627e-29     2.77555e-33           2.289e-28             1.35218e-30           5.00651e-43           0.440512              0               
203    1.56566e-29     2.36233e-33           6.81855e-29           3.97327e-31           6.70603e-43           0.440457              0               
204    7.99752e-18     3.08715e-17           4.16214e-18           1.67356e-22           5.78518e-36           0.140045              0               
205    1.24493e-43     6.45765e-55           1.22431e-44           5.33108e-43           9.24272e-51           1.02822               0               
206    2.1084e-40      2.7849e-51            1.41044e-40           7.82556e-40           8.27068e-52           0.949434              0               
207    1.25804e-80     3.04858e-127          1.12551e-100          7.38231e-88           5.51094e-80           2.80181               0               
208    8.04261e-17     1.62517e-17           3.35605e-16           4.56163e-19           1.06397e-30           0.422204              0               
209    5.01867e-09     2.19442e-08           4.0501e-11            2.43679e-17           8.50033e-35           0.100629              0               
210    1.07289e-50     3.43319e-66           1.20415e-53           4.6986e-50            7.72487e-55           1.04167               0               
211    7.15764e-27     7.09932e-29           3.00849e-26           1.19875e-27           2.01831e-36           0.459326              0               
212    7.26352e-16     3.03175e-15           1.50095e-16           2.36645e-22           1.36678e-38           0.115904              0               
213    1.38029e-37     4.22349e-44           2.91699e-37           3.12948e-37           8.56736e-47           0.750009              0               
214    8.56638e-56     1.83479e-76           8.96649e-61           3.71638e-55           3.61812e-57           1.05877               0               
215    6.13022e-08     2.57406e-07           1.11315e-08           1.42432e-12           1.80226e-24           0.113981              0               
216    6.67702e-20     4.80804e-20           2.4441e-19            2.12817e-24           2.18657e-40           0.38158               0               
217    7.28005e-28     5.60323e-31           2.87444e-27           3.14091e-28           1.53721e-36           0.496475              0               
218    6.41888e-60     3.46123e-78           2.77476e-64           2.77521e-59           3.66008e-61           1.0647                0               
219    5.15577e-11     1.75776e-13           2.61866e-11           1.49612e-10           4.98783e-11           1.35963               0               
220    9.63809e-48     4.515e-63             8.22759e-52           3.10012e-47           1.12185e-47           1.50944               0               
221    4.18198e-06     8.86438e-07           6.96741e-06           8.90265e-06           1.563e-06             0.916355              0               
222    2.55041e-08     4.18311e-11           2.89503e-09           2.38554e-08           8.49307e-08           2.36372               0               
223    6.2776e-05      1.22142e-05           0.000101739           0.000137855           2.31874e-05           0.924602              0               
224    0.0317087       0.052262              0.0382885             0.0220004             0.00453023            0.414464              0.057337        
225    0.000377905     0.000422965           0.000788217           0.000423197           2.10649e-05           0.535584              0               
226    0.0215429       0.0470841             0.0196562             0.00426769            7.18292e-05           0.190157              0.061197        
227    2.42787e-28     1.02919e-32           2.18546e-28           8.44972e-28           2.05481e-32           0.917538              0               
228    2.63363e-12     1.50269e-15           7.13739e-13           6.80911e-12           4.01247e-12           1.61638               0               
229    3.24018e-08     1.63834e-09           2.60757e-08           7.59647e-08           3.82599e-08           1.39423               0               
230    2.22171e-57     8.18609e-77           4.11404e-62           9.67711e-57           5.52406e-59           1.05179               0               
231    1.59699e-48     9.96042e-67           7.59108e-53           6.8347e-48            1.60971e-49           1.08229               0               
232    3.0474e-55      7.89107e-79           3.73979e-62           2.45288e-55           1.08965e-54           2.47842               0               
233    9.34429e-39     1.18049e-48           5.87185e-40           4.03461e-38           1.04989e-43           1.03313               0               
234    5.2839e-17      2.22188e-17           2.08898e-16           3.48926e-19           2.67362e-30           0.405531              0               
235    1.26949e-45     5.46295e-61           3.92257e-48           5.55718e-45           1.77076e-52           1.04137               0               
236    2.26223e-74     1.73346e-116          2.10309e-91           1.17586e-79           9.90985e-74           2.80181               0               
237    6.16411e-26     1.8561e-28            2.6681e-25            3.02869e-27           2.79829e-38           0.443517              0               
238    6.6931e-10      2.66412e-09           2.67824e-10           2.6792e-14            5.65875e-27           0.130797              0               
239    0.000380104     7.03249e-05           0.000264064           0.000502004           0.000828681           1.78203               0               
240    1.44172e-65     1.5877e-92            1.12858e-73           5.91094e-66           5.72446e-65           2.63708               0               
241    0.04404         0.04404               0.04404               0.04404               0.04404               1                     0.04404         
242    1.30991e-73     4.03394e-98           4.59239e-80           4.58262e-73           1.15554e-73           1.39623               0               
243    6.88191e-22     6.13416e-22           2.40109e-21           1.73047e-25           1.82909e-40           0.368437              0               
244    1.99249e-67     7.59096e-90           2.16295e-72           8.72696e-67           1.30748e-70           1.04206               0               
245    2.09712e-19     9.00171e-19           1.84885e-20           4.97055e-27           1.93441e-46           0.10679               0               
246    8.39557e-69     3.53318e-101          9.11423e-81           9.64626e-72           3.67678e-68           2.80135               0               
247    1.75666e-26     6.03525e-30           4.01817e-26           3.67642e-26           5.94976e-32           0.725902              0               
248    2.67959e-05     0.000116917           4.65069e-07           5.31948e-12           6.22547e-26           0.101344              0               
249    3.11025e-17     5.07425e-17           8.54717e-17           3.30394e-20           1.57795e-32           0.311619              0               
250    0.00729553      0.0148167             0.000380564           5.49679e-07           3.85148e-15           0.0515875             0.04404         
251    9.96919e-30     8.56597e-35           2.02808e-29           2.339e-29             3.47503e-37           0.760912              0               
252    1.42434e-73     3.35503e-102          1.17076e-82           1.56903e-74           6.08253e-73           2.75755               0               
253    1.44865e-50     6.18116e-59           2.94663e-51           6.05128e-50           2.50351e-56           1.01371               0               
254    2.91607e-06     1.27024e-05           7.16656e-08           1.98156e-12           1.39447e-24           0.101899              0               
255    0.057337        0.057337              0.057337              0.057337              0.057337              1                     0.057337        
256    0.061197        0.061197              0.061197              0.061197              0.061197              1                     0.061197        
257    9.38949e-74     4.89991e-114          5.49146e-91           1.00657e-79           4.11314e-73           2.80181               0               
258    3.4213e-55      1.58862e-73           1.54132e-59           1.47085e-54           2.78672e-56           1.07452               0               
259    8.11899e-30     3.23316e-34           3.52007e-29           3.64851e-31           7.8916e-43            0.443166              0               
260    0.00853028      0.0153601             0.00018596            7.38688e-08           1.85678e-17           0.0432857             0.057337        
261    1.91409e-35     3.96829e-43           2.65964e-35           5.72519e-35           2.72585e-43           0.849947              0               
262    2.67616e-05     0.000117191           4.03559e-08           7.14716e-15           3.50257e-33           0.100125              0               
263    1.04647e-05     4.58346e-05           6.92316e-09           2.4363e-16            4.4461e-37            0.10006               0               
264    3.43588e-06     1.50499e-05           1.28488e-09           1.59443e-17           1.61876e-39           0.100037              0               
265    3.76962e-06     1.65113e-05           1.85417e-09           4.20527e-17           4.61809e-38           0.100047              0               
266    7.66601e-06     3.35777e-05           3.86602e-09           8.97721e-17           9.68334e-38           0.100047              0               
267    5.82627e-07     2.55223e-06           1.7999e-11            2.72333e-21           2.22657e-48           0.100011              0               
268    1.62242e-16     1.68352e-16           5.41587e-16           7.75621e-19           2.52668e-29           0.357808              0               
269    2.41373e-09     1.03704e-08           2.03146e-10           1.38323e-15           7.38117e-31           0.106483              0               
270    2.13705e-34     4.01452e-43           1.50314e-35           9.21095e-34           2.52655e-38           1.03213               0               
271    7.17149e-10     2.89291e-09           2.48605e-10           1.76437e-14           2.04279e-27           0.126679              0               
272    2.25544e-09     9.87514e-09           5.00487e-12           2.80829e-19           8.47777e-40           0.100179              0               
273    8.78003e-43     3.51577e-53           2.71222e-44           3.81902e-42           1.64149e-47           1.03754               0               
274    0.057337        0.057337              0.057337              0.057337              0.057337              1                     0.057337        
275    0.057337        0.057337              0.057337              0.057337              0.057337              1                     0.057337        
276    0.057337        0.057337              0.057337              0.057337              0.057337              1                     0.057337        
277    0.057337        0.057337              0.057337              0.057337              0.057337              1                     0.057337        
278    0.099081        0.099081              0.099081              0.099081              0.099081              1                     0.099081        
279    0.079066        0.079066              0.079066              0.079066              0.079066              1                     0.079066        
280    0.042302        0.042302              0.042302              0.042302              0.042302              1                     0.042302        
281    0.055941        0.055941              0.055941              0.055941              0.055941              1                     0.055941        
282    0.034155        0.034155              0.034155              0.034155              0.034155              1                     0.034155        
283    0.042302        0.042302              0.042302              0.042302              0.042302              1                     0.042302        
284    0.04404         0.04404               0.04404               0.04404               0.04404               1                     0.04404         
285    0.041977        0.041977              0.041977              0.041977              0.041977              1                     0.041977        
286    0.057337        0.057337              0.057337              0.057337              0.057337              1                     0.057337        
287    1.06829e-43     1.046e-52             2.35198e-44           4.44454e-43           7.06124e-50           1.0114                0               
288    3.68474e-21     4.66389e-21           1.14773e-20           1.37449e-25           7.27437e-41           0.339609              0               
289    5.5543e-15      2.91648e-16           2.2596e-14            1.44344e-15           1.09677e-22           0.468807              0               
290    1.50235e-24     1.41366e-27           6.45736e-24           1.22385e-25           2.08983e-36           0.44814               0               
291    6.80069e-24     2.43199e-26           2.83488e-23           1.41788e-24           5.4682e-33            0.465476              0               
292    1.65917e-30     7.95935e-36           2.99318e-30           4.27496e-30           4.77752e-37           0.792714              0               
293    2.30649e-12     7.88859e-12           2.2149e-12            2.75611e-16           5.70282e-29           0.1739                0               
294    7.60846e-36     8.47527e-44           4.08231e-36           2.92472e-35           1.51733e-42           0.967716              0               
295    2.17852e-40     1.69591e-46           8.37003e-40           1.17316e-40           2.35864e-52           0.511318              0               
296    1.31571e-24     5.38694e-25           5.22486e-24           9.24853e-30           2.26157e-51           0.405472              0               
297    2.28429e-28     4.65915e-33           9.97582e-28           3.06413e-30           1.48637e-45           0.438815              0               
298    1.81925e-60     4.74333e-84           1.3908e-66            6.98808e-60           9.813e-61             1.25851               0               
299    4.95395e-32     1.61626e-36           1.86549e-31           3.04607e-32           1.06759e-41           0.521859              0               
300    2.65402e-38     2.06176e-52           2.33623e-41           1.16019e-37           2.19596e-40           1.045                 0               
301    0.00883263      0.0166096             0.000260843           1.63195e-07           1.39597e-16           0.0458817             0.057337        
302    5.31085e-15     3.532e-15             1.93455e-14           3.87174e-16           3.07836e-23           0.395874              0               
303    9.40647e-57     6.82633e-74           2.07918e-60           4.11788e-56           2.49251e-59           1.04283               0               
304    8.59122e-66     1.4923e-95            1.1349e-76            2.76647e-68           3.76069e-65           2.80052               0               
305    1.17039e-37     1.32927e-45           6.58177e-38           4.46881e-37           8.79334e-44           0.964153              0               
306    1.26495e-56     2.24249e-76           2.6504e-61            5.53245e-56           8.74649e-59           1.04457               0               
307    1.93046e-74     2.34083e-121          4.11496e-95           3.76432e-82           8.45655e-74           2.80181               0               
308    1.00169e-15     3.69097e-15           6.97004e-16           5.90418e-21           2.63717e-38           0.153533              0               
309    7.01578e-21     3.12355e-23           2.9758e-20            9.43943e-22           2.8975e-31            0.455199              0               
310    8.25038e-54     1.59521e-71           5.19813e-57           3.61363e-53           1.80919e-59           1.04171               0               
311    8.88209e-39     4.23664e-47           1.12291e-38           2.76796e-38           7.80582e-48           0.867243              0               
312    4.88897e-28     2.21983e-31           2.04e-27              1.01436e-28           6.03984e-39           0.465577              0               
313    1.26986e-14     4.16848e-14           1.3942e-14            3.94769e-19           2.9641e-34            0.184467              0               
314    0.00517056      0.00236994            7.42923e-08           9.99382e-16           9.4611e-37            0.0104656             0.053287        
315    0.00580645      0.00177983            1.61853e-08           6.48349e-17           2.35261e-36           0.00699828            0.062157        
316    5.3848e-06      2.3536e-05            5.25588e-08           1.64021e-13           5.82096e-30           0.100759              0               
317    4.21158e-15     1.48672e-14           3.58163e-15           3.36359e-19           2.85573e-32           0.165441              0               
318    5.06847e-06     2.21937e-05           9.11313e-09           2.13792e-15           1.82892e-33           0.100147              0               
319    6.3424e-07      2.77794e-06           3.98317e-10           1.32147e-17           3.37094e-38           0.100057              0               
320    1.99995e-06     8.76014e-06           7.8455e-10            1.0743e-17            1.81738e-39           0.100039              0               
321    2.69587e-25     7.68203e-27           1.166e-24             7.26748e-27           1.79822e-37           0.438495              0               
322    1.48861e-06     6.50165e-06           1.93313e-08           1.37043e-13           5.73603e-28           0.101008              0               
323    5.277e-06       2.3114e-05            2.33645e-09           3.87899e-17           8.02508e-39           0.100043              0               
324    7.9738e-09      3.44416e-08           4.88295e-10           9.85533e-15           1.81957e-28           0.104719              0               
325    0.00794335      0.00470505            3.99579e-07           3.41735e-14           1.03719e-32           0.0135278             0.079066        
326    1.87031e-31     2.81761e-36           8.16378e-31           2.92289e-33           6.95889e-49           0.439121              0               
327    1.29674e-56     7.55236e-77           5.56079e-62           4.01148e-56           1.66898e-56           1.55891               0               
328    4.073e-53       7.90217e-72           9.80578e-58           1.68795e-52           9.62567e-54           1.13675               0               
329    7.92701e-25     1.27374e-26           3.45736e-24           2.39053e-27           2.33719e-41           0.436145              0               
330    2.47555e-12     5.81904e-15           1.77003e-12           8.4354e-12            6.33106e-13           1.04532               0               
331    5.10558e-15     9.65836e-20           2.37407e-16           6.90764e-15           1.52203e-14           2.23311               0               
332    2.52504e-15     5.17983e-20           3.33718e-16           8.1409e-15            2.58647e-15           1.4351                0               
333    1.47849e-14     1.48675e-18           2.59302e-15           4.18809e-14           2.02912e-14           1.56897               0               
334    2.00387e-08     1.04782e-08           5.07765e-08           2.62457e-08           2.80993e-10           0.585152              0               
335    1.38085e-07     8.35028e-08           3.67225e-07           1.53265e-07           8.98992e-10           0.547214              0               
336    4.6555e-18      8.84312e-23           4.92081e-19           1.20844e-17           7.81722e-18           1.70184               0               
337    7.36038e-08     1.48011e-08           1.25197e-07           1.64975e-07           1.74544e-08           0.858989              0               
338    8.07278e-26     3.50186e-38           1.17677e-30           3.7645e-27            3.49869e-25           2.78307               0               
339    0.0114219       0.0253609             0.00137405            9.22741e-06           3.11496e-11           0.0628831             0.061197        
340    2.00045e-21     6.03803e-33           3.04326e-26           6.45295e-23           8.69859e-21           2.78884               0               
341    3.24973e-06     2.33181e-06           8.80814e-06           3.07905e-06           1.67007e-08           0.515365              0               
342    4.72391e-05     7.00818e-05           0.000105609           3.10861e-05           1.57132e-07           0.415504              0               
343    3.89074e-16     6.00803e-21           4.07755e-17           1.14722e-15           5.16372e-16           1.56055               0               
344    4.31731e-16     1.60843e-22           4.97307e-18           4.1582e-16            1.47044e-15           2.40862               0               
345    9.477e-05       0.000208669           0.000179641           2.67774e-05           6.06912e-08           0.306956              0               
346    9.4795e-07      5.65294e-07           2.5187e-06            1.06311e-06           5.46587e-09           0.549052              0               
347    9.94318e-13     5.8018e-18            1.71776e-14           6.92734e-13           3.64577e-12           2.51257               0               
348    0.019292        0.0459642             0.0105066             0.000794149           7.20808e-07           0.118533              0.071586        
349    0.0089051       0.0211154             0.00233168            4.72333e-05           9.41952e-10           0.0815134             0.040767        
350    0.000396619     7.93221e-05           0.000302641           0.000568087           0.000787371           1.69105               0               
351    0.000271821     3.02119e-05           0.000134549           0.000318214           0.000707757           1.99569               0               
352    3.22314e-44     2.22118e-53           1.0359e-44            1.30833e-43           6.47202e-51           0.997423              0               
353    3.18248e-50     2.09024e-73           1.17784e-57           5.67925e-51           1.33732e-49           2.73011               0               
354    2.99658e-65     1.5186e-96            1.11199e-76           6.61733e-68           1.31201e-64           2.80092               0               
355    1.52789e-63     1.63779e-95           3.73244e-76           3.00324e-67           6.69274e-63           2.80173               0               
356    2.08596e-47     9.85757e-69           2.82877e-55           3.4463e-49            9.10325e-47           2.79517               0               
357    3.77161e-50     5.24959e-76           2.73044e-61           3.62149e-54           1.65215e-49           2.80177               0               
358    7.87192e-40     9.92223e-52           1.50022e-42           3.06585e-39           3.81007e-40           1.236                 0               
359    1.14776e-43     5.60161e-67           1.86017e-53           5.68807e-47           5.02729e-43           2.80161               0               
360    4.61531e-22     1.37795e-27           5.70782e-23           1.72963e-21           2.35069e-22           1.22936               0               
361    3.80991e-34     2.89553e-52           2.27571e-41           2.11395e-36           1.66685e-33           2.79958               0               
362    2.579e-24       1.91783e-32           2.26825e-26           5.51419e-24           5.76067e-24           1.93802               0               
363    8.89293e-22     5.9577e-32            1.41692e-25           1.28804e-22           3.76667e-21           2.74353               0               
364    3.10773e-19     1.03235e-26           1.30941e-21           2.1183e-19            1.14823e-18           2.52568               0               
365    0.057337        0.057337              0.057337              0.057337              0.057337              1                     0.057337        
366    6.11641e-07     2.57514e-07           1.46768e-06           9.39295e-07           1.48578e-08           0.629729              0               
367    6.84685e-11     2.33138e-11           2.14646e-10           6.19267e-11           4.52545e-14           0.536009              0               
368    0.0124578       0.0288788             0.00237262            3.04831e-05           3.03156e-10           0.0725027             0.061197        
369    2.45181e-11     3.59403e-14           1.34673e-11           8.2083e-11            1.18171e-11           1.15929               0               
370    1.29438e-23     7.57611e-33           4.32587e-27           1.94997e-24           5.4747e-23            2.7411                0               
371    5.06293e-13     5.81913e-15           9.46329e-13           1.2635e-12            2.21057e-15           0.783007              0               
372    0.019292        0.0459642             0.0105066             0.000794149           7.20808e-07           0.118533              0.071586        
373    4.59605e-10     5.09982e-11           9.65944e-10           9.79034e-10           1.73614e-11           0.742937              0               
374    1.65493e-21     1.66851e-29           2.45509e-24           5.57022e-22           6.69008e-21           2.66578               0               
375    7.66502e-20     1.03501e-27           4.06469e-22           9.12895e-20           2.44076e-19           2.32044               0               
376    6.70539e-09     9.59391e-11           8.18058e-09           2.0253e-08            8.44004e-10           0.920846              0               
377    0.0199878       0.043966              0.0180359             0.00369419            4.05262e-05           0.185479              0.057337        
378    2.90989e-19     1.34643e-27           2.24378e-22           6.27035e-20           1.21177e-18           2.71482               0               
379    1.56607e-16     2.70504e-23           2.02266e-18           2.2949e-16            4.54517e-16           2.20608               0               
380    1.35487e-23     6.89617e-38           4.96424e-30           5.39689e-26           5.9297e-23            2.80021               0               
381    1.89099e-19     3.88785e-28           1.98559e-22           7.1804e-20            7.56363e-19           2.64868               0               
382    1.01691e-21     1.81746e-33           1.48583e-26           3.5143e-23            4.41949e-21           2.78792               0               
383    9.05388e-27     2.8932e-44            2.25512e-35           1.66723e-30           3.96596e-26           2.80174               0               
384    3.02627e-26     5.17842e-45           1.49107e-35           2.40244e-30           1.32566e-25           2.80178               0               
385    2.85361e-12     1.41723e-16           1.09507e-13           2.35003e-12           1.00408e-11           2.45019               0               
386    0.000735859     0.000200038           0.00069879            0.00113839            0.00118627            1.49993               0               
387    0.00124322      0.0002242             0.00086205            0.00166445            0.00269531            1.77834               0               
388    0.00331808      0.000840198           0.00293349            0.00486722            0.00589423            1.579                 0               
389    0.069147        0.069147              0.069147              0.069147              0.069147              1                     0.069147        
390    8.06601e-26     1.7182e-39            1.33754e-31           1.11351e-27           3.52224e-25           2.79626               0               
391    8.58134e-26     1.24515e-34           5.61317e-29           1.83929e-26           3.57463e-25           2.71534               0               
392    2.45273e-29     1.29926e-44           5.53686e-36           8.71642e-32           1.07357e-28           2.80038               0               
393    5.3817e-18      4.24124e-25           4.76863e-20           6.46453e-18           1.70628e-17           2.31441               0               
394    6.4136e-42      3.1046e-56            7.75188e-45           2.80619e-41           2.56653e-44           1.04324               0               
395    7.50721e-06     3.27757e-05           1.10307e-07           9.9719e-13            8.52172e-27           0.101139              0               
396    8.07141e-44     7.57997e-58           1.55538e-46           3.5338e-43            3.89136e-47           1.04173               0               
397    3.807e-38       1.16721e-46           5.18109e-38           1.14958e-37           1.0494e-47            0.853891              0               
398    1.156e-28       1.35087e-35           8.02177e-29           4.26175e-28           2.71633e-34           0.945988              0               
399    4.91704e-16     1.1803e-15            9.7364e-16            9.3195e-21            5.51469e-36           0.252325              0               
400    1.13341e-26     6.50358e-30           4.95041e-26           1.39167e-28           9.02248e-41           0.438616              0               
401    0.00886372      0.016737              0.000269694           1.7671e-07            1.73039e-16           0.0461487             0.057337        
402    0.00886372      0.016737              0.000269694           1.7671e-07            1.73039e-16           0.0461487             0.057337        
403    1.95915e-33     1.85024e-42           1.27598e-34           8.45441e-33           2.20625e-37           1.03285               0               
404    1.07822e-08     4.70772e-08           1.55235e-10           1.88893e-16           8.12939e-34           0.101116              0               
405    1.57123e-06     6.88267e-06           2.55817e-10           1.07567e-18           1.33854e-40           0.100021              0               
406    1.57123e-06     6.88267e-06           2.55817e-10           1.07567e-18           1.33854e-40           0.100021              0               
407    3.48308e-06     1.52543e-05           3.61156e-09           2.71199e-16           3.08047e-36           0.100088              0               
408    1.27062e-05     5.56546e-05           5.80565e-09           1.2013e-16            1.34416e-37           0.100044              0               
409    2.20404e-43     1.36534e-51           2.79899e-43           6.85597e-43           1.24248e-52           0.866456              0               
410    3.18273e-17     1.2089e-16            1.85317e-17           1.09077e-22           2.0005e-40            0.144797              0               
411    1.01415e-10     3.95603e-10           4.86442e-11           8.72012e-15           4.72935e-26           0.136923              0               
412    0.00174278      9.62372e-05           0.000682182           0.00211655            0.00473941            2.06849               0               
413    3.96393e-36     1.23284e-40           1.47662e-35           2.59803e-36           1.10643e-45           0.527457              0               
414    3.66949e-15     1.10851e-14           4.9882e-15            1.1885e-18            9.80293e-31           0.204642              0               
415    4.58372e-17     1.94954e-16           5.83969e-18           5.02174e-24           1.41529e-40           0.109808              0               
416    7.07044e-38     4.21722e-48           5.04778e-39           3.04678e-37           1.80207e-43           1.03194               0               
417    8.32145e-65     1.01929e-89           3.79741e-73           6.20509e-66           3.58323e-64           2.77185               0               
418    1.29278e-07     3.65993e-10           2.23795e-08           1.44487e-07           3.9908e-07            2.25757               0               
419    8.37293e-76     1.71291e-112          1.08222e-89           2.7219e-79            3.66756e-75           2.80168               0               
420    1.65244e-51     1.42276e-69           6.61984e-56           7.08664e-51           1.51934e-52           1.07873               0               
421    2.91204e-39     4.30224e-50           1.4336e-41            1.26061e-38           1.35972e-40           1.05988               0               
422    3.50143e-46     1.67634e-60           2.16597e-48           1.53165e-45           1.02191e-50           1.04096               0               
423    0.0646          0.0646                0.0646                0.0646                0.0646                1                     0.0646          
424    0.053052        0.053052              0.053052              0.053052              0.053052              1                     0.053052        
425    0.022355        0.022355              0.022355              0.022355              0.022355              1                     0.022355        
426    9.72798e-47     1.62052e-60           3.81247e-50           3.64789e-46           6.13144e-47           1.29498               0               
427    1.91824e-43     1.61259e-54           9.77435e-45           8.30528e-43           5.08226e-49           1.03476               0               
428    9.99157e-28     3.45731e-36           9.50013e-29           4.28185e-27           3.37522e-32           1.02868               0               
429    3.32993e-17     1.17475e-16           2.83927e-17           2.01795e-21           1.23561e-35           0.165608              0               
430    8.32085e-25     4.43305e-29           3.62018e-24           2.47868e-26           2.08409e-38           0.441074              0               
431    8.13451e-21     1.17995e-21           3.43916e-20           6.22983e-23           1.24586e-34           0.426864              0               
432    8.8835e-65      4.04182e-89           1.31162e-71           1.65159e-64           2.2399e-64            2.05484               0               
433    1.06532e-51     2.08631e-65           5.38375e-54           4.6613e-51            3.76967e-56           1.04111               0               
434    8.1061e-67      6.43689e-105          2.13882e-82           9.71123e-72           3.55093e-66           2.8018                0               
435    7.88031e-27     9.42413e-28           3.34827e-26           9.51938e-29           7.22451e-40           0.429434              0               
436    3.48587e-20     1.26776e-20           1.40019e-19           4.57329e-24           1.28394e-38           0.409008              0               
437    3.53445e-62     9.26253e-94           3.05447e-75           2.56064e-66           1.54827e-61           2.80178               0               
438    8.84083e-64     1.04189e-94           2.0372e-76            8.4607e-68            3.87272e-63           2.80177               0               
439    3.66966e-64     3.38054e-97           2.54419e-77           4.73156e-68           1.60748e-63           2.80176               0               
440    1.30702e-14     9.69292e-24           4.33234e-19           1.77191e-16           5.70774e-14           2.79634               0               
441    1.88265e-13     7.49315e-19           2.33431e-15           1.03107e-13           7.19266e-13           2.57507               0               
442    5.64429e-23     1.03157e-34           1.3572e-28            2.56215e-25           2.46996e-22           2.79998               0               
443    1.04248e-21     7.62432e-33           2.31525e-26           3.33032e-23           4.53336e-21           2.78896               0               
444    2.40149e-31     3.54624e-46           1.18954e-36           2.19301e-32           1.03006e-30           2.76512               0               
445    3.33161e-23     5.63245e-24           1.40268e-22           4.30155e-26           3.45634e-40           0.424139              0               
446    1.08351e-67     2.80933e-92           2.18114e-74           2.38278e-67           2.36364e-67           1.91826               0               
447    1.58053e-17     3.18014e-17           3.74346e-17           4.58697e-22           4.53646e-37           0.2822                0               
448    2.80139e-61     1.79658e-84           5.95845e-68           3.22783e-61           9.04389e-61           2.33887               0               
449    1.33668e-24     1.91269e-25           5.66223e-24           1.94574e-27           3.44718e-42           0.426159              0               
450    9.73714e-29     1.93497e-32           3.60649e-28           6.58745e-29           2.21633e-37           0.530359              0               
451    2.32589e-58     6.14595e-81           1.09175e-65           3.45091e-59           9.84367e-58           2.7422                0               
452    1.07484e-58     7.35473e-80           2.50371e-64           2.41055e-58           2.29787e-58           1.90074               0               
453    5.59405e-68     7.18963e-99           3.14407e-79           2.12842e-70           2.44839e-67           2.80028               0               
454    0.0109375       0.0254313             0.00217121            2.9965e-05            3.80648e-10           0.0735363             0.053287        
455    2.106e-21       1.56397e-32           1.77883e-26           2.56898e-23           9.19979e-21           2.7969                0               
456    1.14168e-07     2.68491e-08           2.08891e-07           2.4338e-07            2.10009e-08           0.812516              0               
457    7.24345e-18     4.10043e-24           1.97794e-19           1.57676e-17           1.57652e-17           1.91248               0               
458    3.54773e-21     1.08726e-31           1.97476e-25           2.14071e-22           1.53269e-20           2.77754               0               
459    0.0173691       0.0411683             0.00471687            0.000110481           6.24675e-09           0.0827136             0.079066        
460    2.28365e-05     7.95842e-05           2.01243e-05           3.28768e-07           1.13261e-12           0.170888              0               
461    1.87537e-17     5.56803e-25           2.24693e-20           5.6717e-18            7.64579e-17           2.67965               0               
462    6.77569e-10     1.43839e-12           4.71163e-10           2.29963e-09           1.95914e-10           1.0615                0               
463    1.44934e-37     3.60868e-49           4.36451e-40           6.27504e-37           6.95279e-39           1.06066               0               
464    8.91369e-07     3.0353e-09            1.63005e-07           9.56323e-07           2.78235e-06           2.26993               0               
465    1.53581e-42     1.27062e-56           1.35692e-45           6.69383e-42           3.25711e-44           1.0502                0               
466    4.77843e-24     1.14777e-26           2.0459e-23            4.61817e-25           3.05286e-34           0.450124              0               
467    1.26232e-62     1.87813e-80           9.41212e-67           5.33079e-62           1.98786e-63           1.10506               0               
468    2.09692e-54     4.33194e-71           4.71499e-58           9.1539e-54            3.13734e-56           1.04778               0               
469    7.92271e-55     8.84083e-70           2.33057e-57           3.46827e-54           5.20943e-60           1.04139               0               
470    3.95815e-65     1.76412e-99           2.76537e-78           1.05703e-68           1.73379e-64           2.8017                0               
471    1.60263e-57     1.16573e-76           3.92363e-62           6.93585e-57           8.45693e-59           1.063                 0               
472    2.33745e-34     4.56233e-42           3.01453e-35           9.9374e-34            5.105e-38             1.02408               0               
473    1.61934e-22     2.39234e-24           6.86298e-22           2.06758e-23           1.76268e-31           0.453457              0               
474    5.07795e-06     1.72618e-08           9.62117e-07           5.92872e-06           1.53363e-05           2.22834               0               
475    9.59268e-27     2.20807e-32           2.17942e-27           3.97896e-26           5.2448e-29            1.01263               0               
476    5.51381e-18     8.14907e-24           1.68268e-19           8.01863e-18           1.59668e-17           2.20104               0               
477    0.00184897      0.0003544             0.00136893            0.00260174            0.00377447            1.71855               0               
478    0.00175316      0.000505677           0.00168023            0.00261385            0.00288012            1.5075                0               
479    0.0317072       0.0554402             0.0345556             0.0176169             0.00669769            0.415872              0.0646          
480    6.37629e-61     1.83378e-91           2.17156e-72           8.40899e-64           2.79234e-60           2.80128               0               
481    2.32286e-28     6.59277e-33           2.39235e-28           7.78293e-28           1.23452e-32           0.899612              0               
482    3.15823e-07     3.29169e-10           2.35768e-08           2.22739e-07           1.13684e-06           2.47751               0               
483    2.49135e-53     9.18174e-77           8.80137e-63           3.56381e-56           1.091e-52             2.80123               0               
484    4.89359e-45     2.65e-64              3.74362e-49           2.14248e-44           1.16307e-47           1.04274               0               
485    3.37923e-54     3.73264e-70           2.31903e-57           1.47998e-53           9.2715e-58            1.04181               0               
486    5.64716e-27     8.32645e-31           2.45934e-26           1.43621e-28           2.34199e-40           0.440465              0               
487    1.39018e-07     4.575e-07             1.50841e-07           6.37319e-10           6.60188e-18           0.184457              0               
488    5.61687e-30     5.2776e-35            2.26493e-29           1.95578e-30           6.60559e-40           0.48504               0               
489    1.67137e-07     7.31401e-07           7.5817e-10            1.50317e-16           1.21229e-35           0.100358              0               
490    1.0264e-05      4.49598e-05           2.62907e-09           2.37979e-17           1.87823e-38           0.100028              0               
491    0.00898142      0.0172171             0.000305055           2.36662e-07           3.74856e-16           0.0471588             0.057337        
492    0.00821581      0.00589795            1.05002e-06           3.10114e-13           1.62169e-30           0.0164019             0.079066        
493    0.0057825       0.00204026            2.57312e-08           8.91093e-17           2.34166e-38           0.00805564            0.061197        
494    0.0052714       0.00281162            1.55457e-07           5.59208e-15           6.80276e-35           0.0121798             0.053287        
495    0.00767494      0.0162843             0.000574204           1.45723e-06           5.04694e-14           0.0559474             0.04404         
496    0.00615997      0.00678638            7.27591e-06           4.86138e-11           6.58821e-25           0.0252694             0.053052        
