Note : P(D|M) is the probability of site D given the model M (i.e., the site likelihood)
P(D|M,rr[x]) is the probability of site D given the model M and the relative rate
of evolution rr[x], where x is the class of rate to be considered.
We have P(D|M) = \sum_x P(x) x P(D|M,rr[x]).


Site   P(D|M)          P(D|M,rr[1]=0.0888)   P(D|M,rr[2]=0.3940)   P(D|M,rr[3]=0.9478)   P(D|M,rr[4]=2.5694)   Posterior mean        P(D|M,rr[0]=0)  
1      0.0117182       0.0140837             1.99935e-05           2.47501e-10           8.24537e-23           0.0268479             0.099081        
2      0.00801379      0.00540362            6.06255e-07           7.1538e-14            4.31862e-32           0.0149757             0.079066        
3      5.32766e-43     3.699e-55             5.71901e-45           2.32515e-42           3.24358e-47           1.03518               0               
4      5.81198e-41     4.99685e-51           2.01173e-41           2.34162e-40           4.70167e-49           0.988722              0               
5      1.59915e-22     2.83122e-25           6.34036e-22           6.53213e-23           2.97813e-31           0.487404              0               
6      0.00874767      0.0165301             0.000235185           1.15042e-07           4.61695e-17           0.0445991             0.057337        
7      4.98886e-15     6.32468e-15           1.54904e-14           1.16626e-17           3.9719e-29            0.334572              0               
8      0.00145627      0.00151779            9.70984e-07           1.6427e-12            3.33289e-29           0.023202              0.012937        
9      0.00198031      0.00404334            9.47566e-05           1.06748e-07           2.90591e-16           0.0500507             0.012066        
10     0.00874767      0.0165301             0.000235185           1.15042e-07           4.61695e-17           0.0445991             0.057337        
11     6.40327e-08     2.8004e-07            1.08922e-10           7.46676e-18           1.25597e-35           0.0972502             0               
12     1.26178e-07     5.42269e-07           9.76972e-09           2.69837e-13           1.60569e-26           0.10303               0               
13     3.35274e-05     0.000146276           4.09677e-07           2.38207e-12           6.69919e-27           0.0980529             0               
14     2.6901e-17      2.95692e-17           8.81219e-17           3.14668e-21           5.69862e-37           0.347129              0               
15     3.49661e-09     1.52648e-08           3.32295e-11           6.75111e-18           2.58123e-35           0.0978457             0               
16     6.58163e-21     4.79299e-21           2.40001e-20           2.07789e-24           3.44017e-39           0.375464              0               
17     4.01395e-21     2.83978e-21           1.47216e-20           3.61698e-26           2.27179e-46           0.377006              0               
18     1.007e-08       4.39727e-08           8.4497e-11            4.53219e-17           1.09243e-34           0.0977608             0               
19     1.5369e-22      1.82385e-25           5.76012e-22           9.6212e-23            1.09613e-30           0.517563              0               
20     2.06277e-14     4.15963e-14           4.86407e-14           1.10524e-17           3.03391e-30           0.277182              0               
21     9.07341e-17     2.10049e-16           1.86917e-16           4.49046e-21           1.04365e-36           0.254338              0               
22     7.56e-21        7.12299e-23           3.27583e-20           2.46137e-22           2.54529e-33           0.434782              0               
23     8.27425e-49     1.91258e-64           7.15251e-52           3.61919e-48           1.48774e-52           1.03659               0               
24     4.69177e-44     1.10031e-55           1.09413e-45           2.04175e-43           9.08377e-50           1.03341               0               
25     6.08793e-29     1.92902e-34           1.04513e-28           1.61839e-28           7.47176e-36           0.798991              0               
26     1.57136e-15     9.73057e-17           5.78348e-15           9.94066e-16           2.25457e-21           0.513842              0               
27     6.55646e-42     6.06334e-57           3.68194e-45           2.8658e-41            2.33626e-44           1.038                 0               
28     1.7405e-49      2.54975e-66           4.31242e-53           7.61061e-49           3.80913e-52           1.03749               0               
29     2.01031e-62     7.76473e-86           2.38529e-68           8.15711e-62           6.38151e-63           1.16533               0               
30     2.43326e-33     5.71831e-38           1.04766e-32           1.69102e-34           7.45642e-46           0.440613              0               
31     3.78006e-23     1.84341e-24           1.619e-22             1.63713e-24           8.93438e-35           0.433268              0               
32     1.81925e-39     8.26095e-47           5.62328e-39           2.33609e-39           2.2279e-49            0.608751              0               
33     2.42744e-09     1.06134e-08           6.87995e-12           4.24766e-19           1.22476e-39           0.0973367             0               
34     0.00406285      0.00203011            6.71936e-08           7.66132e-16           2.36361e-37           0.0110937             0.041977        
35     0.00805021      0.00836339            5.82577e-06           1.7209e-11            3.82158e-26           0.0231334             0.071586        
36     2.91133e-10     1.26939e-09           4.34563e-12           1.90699e-18           6.09336e-35           0.0982595             0               
37     3.50835e-09     1.53389e-08           1.04483e-11           3.82727e-19           9.39562e-38           0.0973477             0               
38     0.00222971      0.00136994            9.73235e-08           3.55168e-15           3.97202e-36           0.0136431             0.022355        
39     0.00406285      0.00203011            6.71936e-08           7.66132e-16           2.36361e-37           0.0110937             0.041977        
40     1.30891e-06     5.13188e-06           5.92735e-07           1.96913e-09           2.93342e-17           0.132001              0               
41     6.70936e-61     3.47328e-78           4.40812e-65           2.72671e-60           2.08649e-61           1.1627                0               
42     0.00646009      0.00232714            2.87235e-08           1.56321e-16           6.28595e-36           0.00799709            0.069147        
43     0.00406285      0.00203011            6.71936e-08           7.66132e-16           2.36361e-37           0.0110937             0.041977        
44     4.43355e-67     9.50164e-97           2.57562e-76           8.85771e-68           1.85114e-66           2.72934               0               
45     1.89753e-49     1.21594e-64           2.59791e-52           8.29906e-49           1.8588e-53            1.03649               0               
46     4.89173e-15     7.30598e-15           1.40865e-14           9.32415e-18           1.36185e-28           0.317283              0               
47     1.05704e-86     5.29902e-144          3.9908e-113           2.25322e-97           4.62466e-86           2.81034               0               
48     0.079066        0.079066              0.079066              0.079066              0.079066              1                     0.079066        
49     0.055941        0.055941              0.055941              0.055941              0.055941              1                     0.055941        
50     0.055941        0.055941              0.055941              0.055941              0.055941              1                     0.055941        
51     0.055941        0.055941              0.055941              0.055941              0.055941              1                     0.055941        
52     0.04404         0.04404               0.04404               0.04404               0.04404               1                     0.04404         
53     0.057337        0.057337              0.057337              0.057337              0.057337              1                     0.057337        
54     0.079066        0.079066              0.079066              0.079066              0.079066              1                     0.079066        
55     0.057337        0.057337              0.057337              0.057337              0.057337              1                     0.057337        
56     0.057337        0.057337              0.057337              0.057337              0.057337              1                     0.057337        
57     0.062157        0.062157              0.062157              0.062157              0.062157              1                     0.062157        
58     0.057337        0.057337              0.057337              0.057337              0.057337              1                     0.057337        
59     0.055941        0.055941              0.055941              0.055941              0.055941              1                     0.055941        
60     0.057337        0.057337              0.057337              0.057337              0.057337              1                     0.057337        
61     0.012937        0.012937              0.012937              0.012937              0.012937              1                     0.012937        
62     0.055941        0.055941              0.055941              0.055941              0.055941              1                     0.055941        
63     0.069147        0.069147              0.069147              0.069147              0.069147              1                     0.069147        
64     2.22075e-62     1.28349e-91           1.19136e-72           2.37041e-64           9.69229e-62           2.80601               0               
65     1.23971e-43     1.51387e-49           5.39218e-43           3.16405e-45           4.05351e-62           0.434527              0               
66     4.57215e-50     2.05442e-68           6.3237e-55            1.47436e-49           5.25993e-50           1.50303               0               
67     8.86837e-45     1.61135e-56           9.93359e-46           3.78065e-44           7.34924e-53           1.02113               0               
68     4.72089e-73     1.66323e-111          1.46769e-87           9.52635e-77           2.06534e-72           2.81026               0               
69     1.58415e-31     1.32087e-35           6.01954e-31           9.11114e-32           1.41845e-40           0.510605              0               
70     4.51619e-36     1.02892e-44           8.55422e-36           1.12045e-35           2.34267e-45           0.774434              0               
71     1.05759e-14     5.47139e-18           5.96315e-15           3.79335e-14           2.36851e-15           1.04927               0               
72     4.32943e-72     6.19559e-111          4.53811e-89           2.39106e-78           1.89417e-71           2.81034               0               
73     7.55805e-86     1.78916e-128          2.21666e-103          1.15568e-91           3.30671e-85           2.81034               0               
74     3.00119e-89     2.12345e-144          1.47832e-114          1.82007e-99           1.31305e-88           2.81034               0               
75     0.057337        0.057337              0.057337              0.057337              0.057337              1                     0.057337        
76     0.055941        0.055941              0.055941              0.055941              0.055941              1                     0.055941        
77     0.099081        0.099081              0.099081              0.099081              0.099081              1                     0.099081        
78     0.057337        0.057337              0.057337              0.057337              0.057337              1                     0.057337        
79     0.057337        0.057337              0.057337              0.057337              0.057337              1                     0.057337        
80     0.057337        0.057337              0.057337              0.057337              0.057337              1                     0.057337        
81     0.00095558      0.000122903           0.000519355           0.0011427             0.00239579            1.9502                0               
82     1.41579e-68     3.01406e-108          1.10431e-86           5.82267e-76           6.1942e-68            2.81034               0               
83     2.33955e-46     2.91037e-71           1.00592e-55           1.4644e-48            1.02211e-45           2.8078                0               
84     3.57993e-06     8.799e-08             1.2716e-06            4.25398e-06           1.0049e-05            2.12018               0               
85     2.94889e-08     1.92731e-11           1.2106e-09            1.08726e-08           1.16914e-07           2.63813               0               
86     5.10779e-54     8.83539e-78           1.29946e-62           9.47383e-56           2.22523e-53           2.80282               0               
87     2.80843e-70     1.10346e-110          3.22898e-88           5.50719e-77           1.22871e-69           2.81034               0               
88     4.19319e-07     1.96271e-10           1.69183e-08           1.9418e-07            1.62326e-06           2.60037               0               
89     0.000451606     8.47165e-05           0.000324152           0.000604956           0.000961991           1.76058               0               
90     0.000993293     9.6828e-05            0.000462328           0.00115705            0.00262954            2.02451               0               
91     0.000377768     6.79022e-05           0.000259505           0.000497954           0.000827408           1.79089               0               
92     1.57955e-05     6.90362e-05           7.03194e-08           7.32466e-14           4.18678e-30           0.0974602             0               
93     2.8511e-31      3.02102e-35           9.93402e-31           2.53948e-31           5.19921e-40           0.554286              0               
94     8.14058e-29     3.02797e-33           2.60132e-28           9.60224e-29           3.62077e-37           0.594277              0               
95     6.57532e-45     3.20067e-55           2.00036e-45           2.67672e-44           2.94006e-53           0.994524              0               
96     4.06364e-72     8.56905e-107          7.18703e-86           4.23025e-76           1.77784e-71           2.8103                0               
97     6.82822e-29     4.74925e-34           2.92491e-28           6.24924e-30           9.54777e-42           0.443663              0               
98     2.16038e-85     2.84764e-138          1.9196e-109           5.68294e-95           9.45184e-85           2.81034               0               
99     3.86345e-74     2.32776e-120          2.84361e-94           1.39398e-81           1.69029e-73           2.81034               0               
100    1.49761e-27     3.80577e-33           7.41656e-28           5.81036e-27           1.43755e-31           0.968122              0               
101    1.3212e-15      2.82705e-15           2.95279e-15           5.45101e-19           7.94192e-32           0.267761              0               
102    1.55868e-09     6.81741e-09           1.96421e-12           8.23616e-20           4.75359e-38           0.0972166             0               
103    6.89754e-06     3.01756e-05           1.72868e-09           2.38329e-17           2.55114e-36           0.0971396             0               
104    7.26849e-27     4.04276e-30           3.17453e-26           5.09365e-29           1.19556e-41           0.431922              0               
105    2.6691e-09      1.14179e-08           2.59662e-10           1.27601e-14           1.04204e-26           0.104545              0               
106    0.00733673      0.0151855             0.000393892           5.40446e-07           2.90269e-15           0.0512525             0.04404         
107    0.00790254      0.00491709            3.99869e-07           2.66001e-14           3.27856e-33           0.0138173             0.079066        
108    0.00485089      0.00535129            4.74735e-06           1.92587e-11           4.81081e-26           0.0245848             0.042302        
109    0.057337        0.057337              0.057337              0.057337              0.057337              1                     0.057337        
110    0.057337        0.057337              0.057337              0.057337              0.057337              1                     0.057337        
111    0.04404         0.04404               0.04404               0.04404               0.04404               1                     0.04404         
112    0.055941        0.055941              0.055941              0.055941              0.055941              1                     0.055941        
113    0.061197        0.061197              0.061197              0.061197              0.061197              1                     0.061197        
114    0.055941        0.055941              0.055941              0.055941              0.055941              1                     0.055941        
115    0.04404         0.04404               0.04404               0.04404               0.04404               1                     0.04404         
116    0.057337        0.057337              0.057337              0.057337              0.057337              1                     0.057337        
117    0.057337        0.057337              0.057337              0.057337              0.057337              1                     0.057337        
118    0.04404         0.04404               0.04404               0.04404               0.04404               1                     0.04404         
119    0.079066        0.079066              0.079066              0.079066              0.079066              1                     0.079066        
120    0.079066        0.079066              0.079066              0.079066              0.079066              1                     0.079066        
121    0.04404         0.04404               0.04404               0.04404               0.04404               1                     0.04404         
122    0.04404         0.04404               0.04404               0.04404               0.04404               1                     0.04404         
123    0.061197        0.061197              0.061197              0.061197              0.061197              1                     0.061197        
124    0.099081        0.099081              0.099081              0.099081              0.099081              1                     0.099081        
125    0.053287        0.053287              0.053287              0.053287              0.053287              1                     0.053287        
126    0.061197        0.061197              0.061197              0.061197              0.061197              1                     0.061197        
127    0.055941        0.055941              0.055941              0.055941              0.055941              1                     0.055941        
128    0.057337        0.057337              0.057337              0.057337              0.057337              1                     0.057337        
129    0.055941        0.055941              0.055941              0.055941              0.055941              1                     0.055941        
130    0.061197        0.061197              0.061197              0.061197              0.061197              1                     0.061197        
131    0.069147        0.069147              0.069147              0.069147              0.069147              1                     0.069147        
132    0.00857665      0.0158232             0.000193815           7.23843e-08           1.3363e-17            0.0431826             0.057337        
133    9.77252e-07     4.2739e-06            1.66728e-09           3.06941e-16           1.53076e-34           0.0972506             0               
134    4.6232e-29      1.9529e-32            2.02178e-28           7.189e-32             3.10339e-48           0.431177              0               
135    1.00698e-31     5.9772e-37            3.85187e-31           5.5375e-32            3.31059e-41           0.507118              0               
136    1.75224e-31     2.83587e-37           5.27727e-31           2.38894e-31           3.35129e-41           0.619724              0               
137    0.00805021      0.00836339            5.82577e-06           1.7209e-11            3.82158e-26           0.0231334             0.071586        
138    1.28482e-06     5.62115e-06           3.76263e-11           3.88349e-21           9.35148e-49           0.0971227             0               
139    2.91985e-51     7.75003e-64           1.01162e-52           1.26735e-50           1.96465e-58           1.03184               0               
140    1.37255e-65     1.32591e-101          4.05149e-81           4.92079e-71           6.00502e-65           2.81034               0               
141    1.78949e-22     9.97721e-25           7.65228e-22           1.66928e-23           1.00498e-32           0.443482              0               
142    1.49201e-50     8.32083e-69           1.3436e-54            6.525e-50             2.54955e-53           1.03732               0               
143    6.19094e-61     3.42781e-92           7.0364e-72            5.69208e-63           2.7029e-60            2.80661               0               
144    5.05532e-46     1.71008e-60           9.81923e-49           2.21054e-45           2.28978e-49           1.03655               0               
145    1.93541e-51     4.91416e-69           7.96404e-56           7.83621e-51           6.31317e-52           1.16887               0               
146    4.97242e-37     2.44218e-42           2.1044e-36            7.10731e-38           1.44495e-49           0.45078               0               
147    3.10414e-49     4.66876e-63           3.33269e-51           1.35476e-48           5.35698e-56           1.03515               0               
148    6.90972e-28     7.81063e-31           3.02054e-27           1.74511e-30           1.40886e-44           0.431258              0               
149    1.61416e-07     7.06026e-07           1.81189e-10           6.21135e-18           1.99347e-36           0.0972061             0               
150    0.00589208      0.00587573            3.38657e-06           6.91371e-12           4.08857e-27           0.0221935             0.053052        
151    5.75945e-07     2.51955e-06           2.5831e-10            4.19103e-18           1.94082e-39           0.0971547             0               
152    0.00509135      0.00228768            5.18763e-08           3.38091e-16           5.19284e-38           0.00997537            0.053287        
153    0.00143105      0.00140775            6.95444e-07           7.36861e-13           3.82846e-30           0.0218849             0.012937        
154    0.00733673      0.0151855             0.000393892           5.40446e-07           2.90269e-15           0.0512525             0.04404         
155    6.3482e-07      2.55041e-06           2.26522e-07           4.61829e-10           1.5017e-18            0.124507              0               
156    0.00646252      0.00233778            2.93108e-08           1.64128e-16           7.17866e-36           0.00803061            0.069147        
157    8.91191e-24     3.03035e-25           3.86862e-23           1.11884e-27           3.23041e-45           0.428417              0               
158    5.25489e-08     2.28704e-07           1.20193e-09           3.8614e-15            1.04027e-30           0.0988659             0               
159    0.00646009      0.00232714            2.87235e-08           1.56321e-16           6.28594e-36           0.00799709            0.069147        
160    0.0019421       0.00389102            7.99182e-05           7.09013e-08           9.61786e-17           0.0485375             0.012066        
161    5.08664e-45     2.38237e-53           7.15056e-45           1.51039e-44           2.2036e-55            0.842039              0               
162    2.68013e-37     7.83868e-43           1.10242e-36           7.01623e-38           4.36349e-50           0.467233              0               
163    3.89123e-13     1.69192e-12           1.05256e-14           3.00938e-21           1.72398e-38           0.0991847             0               
164    1.24173e-17     1.67055e-18           5.25446e-17           1.11712e-19           5.25912e-31           0.421973              0               
165    1.24228e-45     4.27383e-59           1.13455e-47           5.42373e-45           3.39545e-51           1.03537               0               
166    2.43435e-28     3.45901e-31           1.06359e-27           1.10828e-30           7.72804e-46           0.431516              0               
167    4.17492e-44     2.62907e-55           1.65236e-45           1.81004e-43           8.13553e-50           1.03116               0               
168    1.46621e-58     3.29054e-86           1.6196e-67            1.21121e-59           6.29366e-58           2.77685               0               
169    7.51087e-52     7.97407e-68           3.33941e-55           3.28428e-51           1.46256e-54           1.03737               0               
170    1.82317e-57     8.96796e-88           3.0219e-69            1.36557e-60           7.97518e-57           2.81003               0               
171    1.90784e-54     9.39544e-72           4.81947e-58           8.34639e-54           9.99726e-59           1.03662               0               
172    3.75148e-06     1.64114e-05           1.6928e-09            2.77164e-17           1.30556e-38           0.0971549             0               
173    1.477e-33       3.42114e-37           6.4573e-33            4.3526e-36            4.89724e-52           0.431384              0               
174    0.069147        0.069147              0.069147              0.069147              0.069147              1                     0.069147        
175    0.04404         0.04404               0.04404               0.04404               0.04404               1                     0.04404         
176    0.055941        0.055941              0.055941              0.055941              0.055941              1                     0.055941        
177    0.079066        0.079066              0.079066              0.079066              0.079066              1                     0.079066        
178    0.055941        0.055941              0.055941              0.055941              0.055941              1                     0.055941        
179    0.055941        0.055941              0.055941              0.055941              0.055941              1                     0.055941        
180    4.38704e-29     3.67643e-35           1.74914e-28           1.70227e-29           1.12554e-40           0.484708              0               
181    6.03201e-12     2.63119e-11           7.86993e-14           7.07092e-21           5.50739e-39           0.0981161             0               
182    0.00222971      0.00136994            9.73235e-08           3.55168e-15           3.97202e-36           0.0136431             0.022355        
183    1.63656e-05     6.79468e-05           3.65093e-06           3.21479e-09           1.52939e-18           0.114187              0               
184    6.02941e-06     2.63529e-05           2.62741e-08           2.63901e-14           1.41913e-30           0.097453              0               
185    9.02922e-36     1.10899e-43           9.87543e-37           3.85141e-35           2.01911e-39           1.02159               0               
186    2.47664e-73     3.11891e-105          1.10891e-83           1.47964e-74           1.06875e-72           2.78612               0               
187    0.00222971      0.00136994            9.73235e-08           3.55168e-15           3.97202e-36           0.0136431             0.022355        
188    0.00805021      0.00836339            5.82577e-06           1.7209e-11            3.82158e-26           0.0231334             0.071586        
189    0.00805021      0.00836339            5.82577e-06           1.7209e-11            3.82158e-26           0.0231334             0.071586        
190    1.38481e-13     5.80584e-13           2.52849e-14           1.59414e-20           5.66394e-40           0.111054              0               
191    6.50729e-40     4.91298e-53           2.20227e-41           2.82497e-39           9.02632e-47           1.03195               0               
192    8.68763e-06     3.79941e-05           1.506e-08             2.80635e-15           1.24146e-33           0.0972527             0               
193    0.00509135      0.00228768            5.18763e-08           3.38091e-16           5.19284e-38           0.00997537            0.053287        
194    1.36866e-28     2.80274e-31           5.96642e-28           1.87765e-30           2.36916e-43           0.432737              0               
195    0.00561409      0.00160781            7.30985e-09           3.775e-18             1.20541e-41           0.00635751            0.061197        
196    7.98943e-20     6.17691e-20           2.87682e-19           9.34264e-23           4.31157e-36           0.372156              0               
197    3.97046e-20     8.53889e-20           8.83188e-20           3.51421e-24           2.89341e-39           0.266889              0               
198    1.10912e-66     6.56979e-104          3.13681e-82           9.78586e-72           4.85247e-66           2.81033               0               
199    5.72751e-69     7.21992e-94           1.47339e-76           2.77729e-69           2.22811e-68           2.61375               0               
200    5.19419e-10     1.92177e-09           3.50648e-10           8.86973e-14           1.81304e-25           0.148674              0               
201    1.8214e-33      1.63489e-43           3.04706e-34           7.6641e-33            2.05902e-39           1.01348               0               
202    5.95195e-29     2.48377e-33           2.58935e-28           1.46565e-30           3.48766e-43           0.4344                0               
203    1.35622e-29     1.5197e-33            5.89663e-29           3.68059e-31           4.74312e-43           0.434742              0               
204    9.42672e-18     3.59512e-17           5.29138e-18           1.98727e-22           4.49407e-36           0.13996               0               
205    9.8881e-44      2.71551e-55           8.04622e-45           4.24567e-43           7.88082e-51           1.02537               0               
206    2.03175e-40     1.81884e-51           1.33621e-40           7.55288e-40           4.80232e-52           0.945597              0               
207    2.93218e-80     2.97951e-126          5.93285e-100          2.98283e-87           1.28285e-79           2.81034               0               
208    7.06554e-17     1.24869e-17           2.96244e-16           3.93232e-19           6.40958e-31           0.418278              0               
209    5.09684e-09     2.22558e-08           4.33702e-11           2.33819e-17           4.8664e-35            0.0977698             0               
210    6.56233e-51     2.75714e-67           3.67923e-54           2.87065e-50           6.18252e-55           1.0366                0               
211    1.78765e-26     1.61826e-28           7.52566e-26           2.79288e-27           3.07433e-36           0.45193               0               
212    2.75791e-15     1.16515e-14           4.14584e-16           4.01462e-22           9.93125e-39           0.108592              0               
213    2.11638e-37     5.43362e-44           4.60767e-37           4.65169e-37           7.44705e-47           0.735255              0               
214    6.5128e-56      2.66398e-77           4.45259e-61           2.81417e-55           3.52375e-57           1.05857               0               
215    5.78503e-08     2.41999e-07           1.10995e-08           1.34977e-12           1.19627e-24           0.111767              0               
216    6.30945e-20     3.8968e-20            2.37074e-19           1.96069e-24           1.38604e-40           0.383867              0               
217    1.56443e-28     2.2674e-32            5.61984e-28           1.22446e-28           7.28797e-37           0.53933               0               
218    1.34536e-59     5.30259e-77           1.28713e-63           5.85156e-59           3.43779e-61           1.04698               0               
219    5.96985e-11     1.90963e-13           3.04292e-11           1.75986e-10           5.45803e-11           1.33604               0               
220    1.17018e-47     3.78939e-63           9.30672e-52           3.89044e-47           1.22909e-47           1.46245               0               
221    4.14478e-06     8.51279e-07           6.90991e-06           8.86662e-06           1.50598e-06           0.909054              0               
222    2.54352e-08     3.8995e-11            2.82962e-09           2.38293e-08           8.45835e-08           2.36907               0               
223    6.35717e-05     1.20092e-05           0.000103193           0.000140247           2.26828e-05           0.916017              0               
224    0.0316668       0.0523592             0.0383617             0.0219179             0.00439991            0.409288              0.057337        
225    0.000375469     0.000415686           0.00078696            0.000420104           1.99604e-05           0.530305              0               
226    0.0215643       0.0473321             0.019764              0.00422784            6.73284e-05           0.187471              0.061197        
227    1.95362e-28     6.90776e-33           1.71557e-28           6.83148e-28           1.35864e-32           0.915096              0               
228    3.03412e-12     1.51889e-15           7.83688e-13           7.76941e-12           4.71993e-12           1.63144               0               
229    3.8688e-08      1.84278e-09           3.10276e-08           9.19556e-08           4.44374e-08           1.38105               0               
230    7.18078e-57     2.2374e-76            1.50157e-61           3.13251e-56           9.13007e-59           1.04179               0               
231    3.80818e-47     4.03541e-64           6.82907e-51           1.66062e-46           5.4249e-49            1.04239               0               
232    9.43226e-56     3.41235e-81           1.27202e-63           2.79652e-56           3.84705e-55           2.69014               0               
233    5.68562e-39     4.82902e-49           3.26577e-40           2.45485e-38           5.3918e-44            1.02869               0               
234    9.55343e-17     3.85912e-17           3.78832e-16           5.47924e-19           2.36128e-30           0.400962              0               
235    2.128e-45       2.52766e-60           8.68952e-48           9.30149e-45           1.81435e-52           1.03607               0               
236    2.77503e-74     4.42369e-115          1.7569e-90            4.11987e-79           1.2141e-73            2.81033               0               
237    3.95661e-26     1.02953e-28           1.71111e-25           1.89111e-27           1.39014e-38           0.437412              0               
238    1.76471e-08     7.52639e-08           1.94343e-09           8.5118e-14            6.0852e-27            0.105526              0               
239    0.000383808     6.98535e-05           0.000265899           0.000507635           0.000835805           1.7845                0               
240    5.26104e-66     1.39903e-93           1.97833e-74           1.58476e-66           2.14327e-65           2.68822               0               
241    0.04404         0.04404               0.04404               0.04404               0.04404               1                     0.04404         
242    2.35574e-73     4.03166e-98           7.55615e-80           8.68279e-73           1.6238e-73            1.31608               0               
243    6.97656e-22     5.57913e-22           2.49422e-21           1.69241e-25           1.11889e-40           0.370001              0               
244    3.45195e-67     4.60443e-90           3.04512e-72           1.51009e-66           1.63842e-70           1.03683               0               
245    2.61038e-21     1.02666e-20           1.15403e-21           7.8838e-28            6.34864e-47           0.130858              0               
246    2.13399e-68     8.90188e-99           2.56314e-79           8.32098e-71           9.32809e-68           2.80876               0               
247    1.95887e-26     5.16911e-30           4.25905e-26           4.31064e-26           6.23175e-32           0.735602              0               
248    2.75259e-05     0.000119935           4.93336e-07           5.16755e-12           3.94301e-26           0.0984882             0               
249    3.0598e-17      4.68955e-17           8.69419e-17           3.18433e-20           1.01294e-32           0.31418               0               
250    0.00733673      0.0151855             0.000393892           5.40446e-07           2.90269e-15           0.0512525             0.04404         
251    2.3486e-27      3.48388e-31           8.70273e-27           1.57227e-27           2.04102e-36           0.523655              0               
252    5.12401e-73     5.44636e-100          4.94706e-81           2.05766e-73           2.03603e-72           2.64754               0               
253    2.81528e-50     4.79721e-58           8.67603e-51           1.14495e-49           2.76712e-56           0.993977              0               
254    2.98982e-06     1.3005e-05            7.57394e-08           1.93073e-12           9.59834e-25           0.0990538             0               
255    0.057337        0.057337              0.057337              0.057337              0.057337              1                     0.057337        
256    0.061197        0.061197              0.061197              0.061197              0.061197              1                     0.061197        
257    1.28435e-73     2.93157e-113          1.65939e-90           2.20343e-79           5.61917e-73           2.81034               0               
258    2.805e-55       2.88371e-74           9.10971e-60           1.20632e-54           2.0885e-56            1.06682               0               
259    7.46334e-30     2.25523e-34           3.23122e-29           3.4038e-31            5.1888e-43            0.437305              0               
260    0.00857665      0.0158232             0.000193815           7.23843e-08           1.3363e-17            0.0431826             0.057337        
261    6.74603e-36     1.53059e-44           5.28514e-36           2.42293e-35           1.66442e-43           0.928185              0               
262    2.79488e-05     0.000122235           4.3783e-08            6.8685e-15            1.9654e-33            0.09724               0               
263    1.09877e-05     4.80644e-05           7.57266e-09           2.3316e-16            2.26296e-37           0.097173              0               
264    3.62125e-06     1.58419e-05           1.41306e-09           1.52183e-17           7.93229e-40           0.0971502             0               
265    3.96642e-06     1.73514e-05           2.03359e-09           4.02126e-17           2.36406e-38           0.0971596             0               
266    8.06465e-06     3.52793e-05           4.23942e-09           8.58484e-17           4.95269e-38           0.0971606             0               
267    6.24461e-07     2.73205e-06           2.02655e-11           2.57116e-21           9.37492e-49           0.0971229             0               
268    1.88752e-16     1.79003e-16           6.459e-16             9.04887e-19           2.08952e-29           0.359287              0               
269    2.35502e-09     1.0092e-08            2.11425e-10           1.31704e-15           4.45916e-31           0.103972              0               
270    1.92029e-34     2.90615e-43           1.34834e-35           8.26647e-34           1.57509e-38           1.02695               0               
271    6.99821e-10     2.80448e-09           2.57283e-10           1.70396e-14           1.32278e-27           0.125181              0               
272    2.31751e-09     1.01339e-08           5.44424e-12           2.68775e-19           4.37667e-40           0.0972997             0               
273    3.83275e-43     8.5048e-55            4.62891e-45           1.67222e-42           8.49902e-48           1.03497               0               
274    0.057337        0.057337              0.057337              0.057337              0.057337              1                     0.057337        
275    0.057337        0.057337              0.057337              0.057337              0.057337              1                     0.057337        
276    0.057337        0.057337              0.057337              0.057337              0.057337              1                     0.057337        
277    0.057337        0.057337              0.057337              0.057337              0.057337              1                     0.057337        
278    0.099081        0.099081              0.099081              0.099081              0.099081              1                     0.099081        
279    0.079066        0.079066              0.079066              0.079066              0.079066              1                     0.079066        
280    0.042302        0.042302              0.042302              0.042302              0.042302              1                     0.042302        
281    0.055941        0.055941              0.055941              0.055941              0.055941              1                     0.055941        
282    0.034155        0.034155              0.034155              0.034155              0.034155              1                     0.034155        
283    0.042302        0.042302              0.042302              0.042302              0.042302              1                     0.042302        
284    0.04404         0.04404               0.04404               0.04404               0.04404               1                     0.04404         
285    0.041977        0.041977              0.041977              0.041977              0.041977              1                     0.041977        
286    0.057337        0.057337              0.057337              0.057337              0.057337              1                     0.057337        
287    1.11236e-43     7.93085e-53           2.36568e-44           4.63012e-43           5.43256e-50           1.0072                0               
288    3.56517e-21     4.00046e-21           1.15973e-20           1.31167e-25           4.75126e-41           0.345369              0               
289    4.01303e-15     1.88048e-16           1.63227e-14           1.0466e-15            6.3061e-23            0.463521              0               
290    1.65698e-23     5.81904e-26           7.18842e-23           5.5174e-25            2.43164e-36           0.435336              0               
291    6.80104e-24     2.07623e-26           2.83243e-23           1.41008e-24           4.12489e-33           0.459462              0               
292    1.13596e-31     5.04944e-38           1.06563e-31           3.90428e-31           9.73052e-38           0.906778              0               
293    2.0993e-12      7.03206e-12           2.15232e-12           2.54249e-16           3.64738e-29           0.175386              0               
294    7.45839e-36     6.05666e-44           3.8749e-36            2.87562e-35           1.05883e-42           0.964718              0               
295    8.81768e-41     4.55493e-47           3.28963e-40           5.68183e-41           1.18347e-52           0.520194              0               
296    1.08283e-24     3.72794e-25           4.36469e-24           7.11258e-30           8.8202e-52            0.404722              0               
297    1.68754e-29     7.10237e-35           7.326e-29             5.71087e-31           5.8593e-46            0.435679              0               
298    3.96891e-60     7.77359e-84           3.34176e-66           1.61008e-59           1.26352e-60           1.1657                0               
299    5.56851e-31     7.31906e-35           2.28573e-30           1.50469e-31           1.42871e-41           0.46839               0               
300    4.77029e-38     2.71449e-52           4.09652e-41           2.08394e-37           2.69748e-40           1.03881               0               
301    0.00888582      0.0170972             0.000272376           1.61724e-07           1.04823e-16           0.0457361             0.057337        
302    5.57941e-15     3.47898e-15           2.0529e-14            4.02452e-16           2.52118e-23           0.393396              0               
303    2.49639e-56     2.72681e-73           6.18817e-60           1.09177e-55           3.645e-59             1.0372                0               
304    1.47204e-65     4.09269e-93           2.79298e-75           1.76334e-67           6.42269e-65           2.80548               0               
305    1.56507e-38     1.17676e-47           3.60824e-39           6.48652e-38           2.39839e-44           1.00472               0               
306    4.37925e-57     8.51528e-79           2.24205e-62           1.91124e-56           4.72144e-59           1.04101               0               
307    3.59695e-74     1.80036e-121          6.58407e-95           8.25873e-82           1.5737e-73            2.81034               0               
308    6.3419e-16      2.28579e-15           4.88844e-16           3.98122e-21           1.14055e-38           0.155945              0               
309    1.21699e-21     1.09831e-24           4.9934e-21            3.29936e-22           1.43474e-31           0.468455              0               
310    6.59502e-54     7.30495e-72           3.73283e-57           2.88501e-53           1.05429e-59           1.03656               0               
311    7.33437e-40     2.37853e-49           4.26978e-40           2.78188e-39           1.56504e-48           0.956049              0               
312    4.5846e-28      1.73423e-31           1.9117e-27            9.39279e-29           3.83197e-39           0.459326              0               
313    1.31968e-14     4.22749e-14           1.5462e-14            4.005e-19             1.82545e-34           0.186538              0               
314    0.00514956      0.0025423             8.18656e-08           9.5467e-16            4.84852e-37           0.0109608             0.053287        
315    0.00576951      0.00192765            1.80075e-08           6.19222e-17           1.41778e-36           0.00741705            0.062157        
316    5.55078e-06     2.42291e-05           5.60907e-08           1.58794e-13           3.28316e-30           0.0978916             0               
317    4.16222e-15     1.44312e-14           3.7786e-15            3.3361e-19            1.8874e-32            0.166416              0               
318    5.28716e-06     2.31219e-05           9.87356e-09           2.05688e-15           1.03266e-33           0.0972629             0               
319    6.66397e-07     2.91511e-06           4.36492e-10           1.26871e-17           1.75763e-38           0.0971704             0               
320    2.10544e-06     9.21062e-06           8.62338e-10           1.02696e-17           9.05967e-40           0.0971517             0               
321    2.5927e-25      6.46683e-27           1.12107e-24           6.79562e-27           1.2379e-37            0.432719              0               
322    1.53259e-06     6.68464e-06           2.05833e-08           1.33302e-13           3.61909e-28           0.0981454             0               
323    5.55693e-06     2.43095e-05           2.56875e-09           3.71621e-17           3.99944e-39           0.0971557             0               
324    8.04568e-09     3.46836e-08           5.16931e-10           9.62433e-15           1.16474e-28           0.102024              0               
325    0.00792485      0.00501466            4.36396e-07           3.28542e-14           5.85212e-33           0.0140521             0.079066        
326    2.19769e-31     2.69035e-36           9.58293e-31           3.21282e-33           4.26034e-49           0.433017              0               
327    9.60691e-57     3.58891e-77           3.66756e-62           2.96031e-56           1.2428e-56            1.56109               0               
328    5.43154e-53     5.43024e-72           1.08566e-57           2.27123e-52           1.0511e-53            1.11509               0               
329    1.40644e-24     5.97061e-26           6.09056e-24           3.02218e-27           1.80023e-41           0.428052              0               
330    2.50854e-12     5.32043e-15           1.75595e-12           8.60314e-12           6.10666e-13           1.03797               0               
331    4.72334e-15     7.78892e-20           2.11136e-16           6.41337e-15           1.40404e-14           2.23555               0               
332    4.85251e-15     7.47571e-19           1.34508e-15           1.69519e-14           2.93243e-15           1.24323               0               
333    1.3309e-14      1.16559e-18           2.25199e-15           3.79527e-14           1.80223e-14           1.56218               0               
334    2.02468e-08     1.02074e-08           5.14035e-08           2.67008e-08           2.69704e-10           0.582323              0               
335    1.38937e-07     8.09886e-08           3.70677e-07           1.55341e-07           8.52451e-10           0.544622              0               
336    4.253e-18       6.74969e-23           4.22167e-19           1.09045e-17           7.28051e-18           1.71689               0               
337    7.37669e-08     1.4266e-08            1.2503e-07            1.66411e-07           1.70304e-08           0.854074              0               
338    3.97493e-26     3.14816e-40           6.27378e-32           5.98275e-28           1.73309e-25           2.80423               0               
339    0.011496        0.025911              0.00142153            9.24897e-06           2.70556e-11           0.0624053             0.061197        
340    1.83975e-21     4.16821e-33           2.49545e-26           5.78637e-23           7.99116e-21           2.79758               0               
341    3.17969e-06     2.20755e-06           8.66084e-06           3.02767e-06           1.53735e-08           0.512454              0               
342    4.71277e-05     6.88645e-05           0.000106053           3.11237e-05           1.46712e-07           0.412598              0               
343    3.86346e-16     5.14237e-21           3.91655e-17           1.15153e-15           4.99599e-16           1.54685               0               
344    3.66366e-16     1.00769e-22           3.64086e-18           3.34488e-16           1.26476e-15           2.4348                0               
345    9.2455e-05      0.000201117           0.000177134           2.61924e-05           5.52837e-08           0.304534              0               
346    9.13838e-07     5.25356e-07           2.43506e-06           1.03273e-06           4.97716e-09           0.546525              0               
347    9.85745e-13     5.10708e-18           1.65924e-14           6.94671e-13           3.60146e-12           2.51548               0               
348    0.0193828       0.0464639             0.0106904             0.000795293           6.63552e-07           0.11729               0.071586        
349    0.00895743      0.0214577             0.00239325            4.73526e-05           8.29091e-10           0.0807497             0.040767        
350    0.000396236     7.74527e-05           0.00030035            0.000568038           0.000787726           1.69569               0               
351    0.000272435     2.94639e-05           0.000133294           0.000318101           0.000711069           2.00382               0               
352    7.46218e-44     1.8769e-52            4.02531e-44           2.86224e-43           7.37793e-51           0.961965              0               
353    2.41278e-50     2.53544e-74           4.21068e-58           3.54155e-51           1.0202e-49            2.75083               0               
354    1.60705e-65     1.16241e-97           1.76224e-77           1.79181e-68           7.02921e-65           2.80989               0               
355    1.43884e-63     6.0364e-96            1.76953e-76           2.12117e-67           6.29482e-63           2.81028               0               
356    3.70595e-47     2.91361e-68           7.36742e-55           7.55389e-49           1.61383e-46           2.80207               0               
357    4.31755e-50     4.50112e-76           3.1154e-61            4.46056e-54           1.88892e-49           2.8103                0               
358    3.47719e-40     2.73917e-52           5.34781e-43           1.32664e-39           1.94132e-40           1.26276               0               
359    1.72041e-44     5.56917e-70           1.41071e-55           1.62881e-48           7.5268e-44            2.8103                0               
360    3.31551e-22     4.39917e-28           2.72502e-23           1.20497e-21           2.18348e-22           1.29225               0               
361    2.77493e-34     9.52014e-53           1.08505e-41           1.23924e-36           1.21282e-33           2.80853               0               
362    2.24821e-24     1.61973e-32           2.16153e-26           5.1579e-24            4.65661e-24           1.87501               0               
363    8.70458e-22     4.29874e-32           1.23439e-25           1.23375e-22           3.68483e-21           2.7528                0               
364    2.92111e-19     8.16019e-27           1.20219e-21           2.06278e-19           1.07053e-18           2.52181               0               
365    0.057337        0.057337              0.057337              0.057337              0.057337              1                     0.057337        
366    5.98932e-07     2.42265e-07           1.43696e-06           9.27234e-07           1.39265e-08           0.627081              0               
367    6.62203e-11     2.14308e-11           2.08249e-10           6.00006e-11           3.95467e-14           0.53205               0               
368    0.0125348       0.0294128             0.00244323            3.05544e-05           2.65433e-10           0.0718674             0.061197        
369    2.45453e-11     3.22609e-14           1.31714e-11           8.27264e-11           1.14578e-11           1.15132               0               
370    1.38287e-23     6.78986e-33           4.50875e-27           2.14379e-24           5.83535e-23           2.74731               0               
371    5.02614e-13     5.24903e-15           9.29922e-13           1.26181e-12           2.00349e-15           0.779892              0               
372    0.0193828       0.0464639             0.0106904             0.000795293           6.63552e-07           0.11729               0.071586        
373    4.85299e-08     3.36939e-08           1.33392e-07           4.50905e-08           1.46139e-10           0.508268              0               
374    1.8872e-22      3.97459e-32           3.0808e-26            1.89743e-23           8.06661e-22           2.76949               0               
375    7.02918e-20     7.58376e-28           3.49252e-22           8.37404e-20           2.23443e-19           2.32466               0               
376    4.3174e-08      4.68426e-09           9.14539e-08           9.13326e-08           1.41937e-09           0.733436              0               
377    0.0200506       0.0442524             0.0182275             0.0036982             3.83815e-05           0.183479              0.057337        
378    9.09808e-20     2.2765e-29            1.07528e-23           6.94835e-21           3.9109e-19            2.77931               0               
379    2.69493e-16     8.08795e-22           1.17682e-17           5.93766e-16           5.73522e-16           1.89336               0               
380    1.37581e-23     4.62925e-38           4.20745e-30           5.20007e-26           6.01408e-23           2.8088                0               
381    1.69156e-19     2.72256e-28           1.63857e-22           6.38207e-20           6.76088e-19           2.65685               0               
382    1.71124e-21     1.74389e-32           6.38714e-26           9.48204e-23           7.39193e-21           2.78785               0               
383    6.81765e-27     1.61804e-44           1.50953e-35           1.20981e-30           2.98266e-26           2.81027               0               
384    3.58626e-26     3.90807e-45           1.41987e-35           2.61797e-30           1.569e-25             2.81031               0               
385    2.87411e-12     1.24851e-16           1.04838e-13           2.34455e-12           1.0125e-11            2.45976               0               
386    0.000768254     0.000203838           0.000724857           0.00119092            0.00124156            1.50422               0               
387    0.00123742      0.000216999           0.000848815           0.00165397            0.00269404            1.78665               0               
388    0.00330296      0.000814023           0.00289477            0.00484758            0.00589436            1.58587               0               
389    0.069147        0.069147              0.069147              0.069147              0.069147              1                     0.069147        
390    2.44316e-25     1.52188e-38           9.52093e-31           5.68698e-27           1.06321e-24           2.8009                0               
391    1.37336e-25     1.66165e-34           8.88088e-29           3.12491e-26           5.6952e-25            2.71774               0               
392    6.07947e-29     2.12987e-44           7.23459e-36           1.30227e-31           2.65852e-28           2.80947               0               
393    3.13479e-18     1.0457e-25            1.7517e-20            3.09235e-18           1.06051e-17           2.40738               0               
394    6.48521e-42     1.94852e-56           6.91426e-45           2.83443e-41           2.22283e-44           1.03788               0               
395    8.6343e-06      3.76451e-05           1.30736e-07           1.07557e-12           5.90953e-27           0.0982759             0               
396    2.80354e-43     1.39269e-56           1.08944e-45           1.22544e-42           4.11945e-47           1.03616               0               
397    2.59025e-38     5.73537e-47           3.4258e-38            7.90679e-38           5.59761e-48           0.853554              0               
398    1.12372e-28     9.66244e-36           7.42183e-29           4.1742e-28            2.14544e-34           0.94521               0               
399    5.41856e-16     1.24637e-15           1.12429e-15           9.34285e-21           3.57838e-36           0.255463              0               
400    3.30672e-26     5.30877e-29           1.44385e-25           2.33987e-28           7.51591e-41           0.431851              0               
401    0.00891439      0.0172138             0.000280733           1.73957e-07           1.28054e-16           0.0459726             0.057337        
402    0.00891439      0.0172138             0.000280733           1.73957e-07           1.28054e-16           0.0459726             0.057337        
403    3.68928e-34     2.11398e-44           8.86753e-36           1.60513e-33           9.06199e-38           1.03341               0               
404    1.28823e-08     5.61672e-08           1.94188e-10           2.10309e-16           5.07801e-34           0.0982708             0               
405    1.6749e-06      7.32755e-06           2.85439e-10           1.03578e-18           7.11143e-41           0.0971334             0               
406    1.6749e-06      7.32755e-06           2.85439e-10           1.03578e-18           7.11143e-41           0.0971334             0               
407    3.66455e-06     1.60288e-05           3.96073e-09           2.62518e-16           1.62982e-36           0.0972029             0               
408    1.34413e-05     5.88004e-05           6.40695e-09           1.15664e-16           6.98119e-38           0.0971568             0               
409    1.08211e-43     4.95913e-52           1.35869e-43           3.37564e-43           4.80282e-53           0.862826              0               
410    2.88206e-17     1.07697e-16           1.83955e-17           1.00451e-22           1.04795e-40           0.14583               0               
411    9.97684e-11     3.8593e-10            5.05567e-11           8.52095e-15           3.32702e-26           0.135809              0               
412    0.00190235      0.000108623           0.000797833           0.00242659            0.00498993            2.02972               0               
413    5.84382e-38     1.37715e-43           1.42491e-37           1.13181e-37           1.89963e-46           0.6991                0               
414    3.59504e-15     1.05708e-14           5.15663e-15           1.16086e-18           6.57641e-31           0.20665               0               
415    4.37993e-17     1.85459e-16           6.16675e-18           4.8124e-24            9.11606e-41           0.107865              0               
416    1.78739e-38     5.39137e-49           9.89364e-40           7.72105e-38           5.30365e-44           1.02898               0               
417    1.47863e-65     4.33473e-91           2.88632e-74           6.99856e-67           6.39917e-65           2.79115               0               
418    1.23193e-07     4.22297e-10           2.50865e-08           1.46762e-07           3.6671e-07            2.2145                0               
419    9.08379e-76     7.43361e-113          7.43124e-90           2.57383e-79           3.97398e-75           2.81022               0               
420    2.3464e-51      4.95545e-70           6.58859e-56           1.00704e-50           1.95295e-52           1.07038               0               
421    5.70805e-39     6.22926e-50           2.64827e-41           2.4733e-38            2.13736e-40           1.05118               0               
422    3.08228e-46     9.71139e-61           1.8014e-48            1.34672e-45           6.93365e-51           1.03584               0               
423    0.0646          0.0646                0.0646                0.0646                0.0646                1                     0.0646          
424    0.053052        0.053052              0.053052              0.053052              0.053052              1                     0.053052        
425    0.022355        0.022355              0.022355              0.022355              0.022355              1                     0.022355        
426    7.54976e-47     8.14549e-61           2.62626e-50           2.85531e-46           4.47519e-47           1.2769                0               
427    5.44474e-43     1.19579e-53           3.99053e-44           2.34221e-42           6.47309e-49           1.02649               0               
428    3.5324e-27      1.31294e-34           8.62181e-28           1.45923e-26           3.63091e-32           1.00285               0               
429    2.61701e-17     9.09888e-17           2.35061e-17           1.52569e-21           5.67215e-36           0.165677              0               
430    8.69094e-25     3.64486e-29           3.778e-24             2.43317e-26           1.2593e-38            0.434867              0               
431    1.16622e-20     1.66061e-21           4.9287e-20            7.56167e-23           9.0251e-35            0.421025              0               
432    3.62971e-65     2.29039e-89           7.39319e-72           7.73348e-65           8.14681e-65           1.94657               0               
433    8.39451e-52     1.01712e-65           3.83041e-54           3.66882e-51           2.37647e-56           1.03602               0               
434    1.06266e-66     2.2606e-105           2.45451e-82           1.53568e-71           4.64924e-66           2.81033               0               
435    3.91685e-27     4.07594e-28           1.66819e-26           4.70858e-29           2.56651e-40           0.424717              0               
436    3.67096e-20     1.141e-20             1.49193e-19           4.63456e-24           9.21465e-39           0.407292              0               
437    2.88148e-62     3.06169e-94           1.72658e-75           1.89418e-66           1.26065e-61           2.81031               0               
438    7.71665e-66     6.69362e-97           1.20016e-78           3.76614e-70           3.37607e-65           2.81032               0               
439    7.91984e-64     1.45975e-96           6.99997e-77           1.20262e-67           3.46488e-63           2.81028               0               
440    1.05141e-14     5.9336e-24            3.08093e-19           1.34988e-16           4.58649e-14           2.80512               0               
441    1.68149e-13     5.75023e-19           1.97216e-15           9.11163e-14           6.42576e-13           2.58427               0               
442    1.40054e-23     6.55837e-37           4.64176e-30           2.36603e-26           6.12513e-23           2.80965               0               
443    3.84214e-22     8.60988e-36           2.39755e-28           1.83064e-24           1.67914e-21           2.80841               0               
444    7.25651e-32     1.11654e-47           8.15801e-38           2.86165e-33           3.14617e-31           2.79435               0               
445    3.50497e-23     5.11162e-24           1.4819e-22            4.38154e-26           2.70824e-40           0.420038              0               
446    1.5063e-67      1.3488e-93            1.19342e-74           3.13641e-67           3.45379e-67           1.9662                0               
447    1.75358e-17     3.28073e-17           4.3913e-17            4.91657e-22           3.12331e-37           0.288227              0               
448    7.14625e-62     2.16632e-86           3.96963e-69           5.0516e-62            2.62139e-61           2.52376               0               
449    1.34115e-24     1.65001e-25           5.70074e-24           1.90476e-27           2.18701e-42           0.421802              0               
450    1.00279e-28     1.72924e-32           3.73942e-28           6.47723e-29           1.45627e-37           0.520395              0               
451    1.63224e-58     4.41945e-83           7.40808e-67           9.34896e-60           7.04771e-58           2.78712               0               
452    8.18956e-59     2.13824e-80           1.21849e-64           1.65017e-58           1.93284e-58           1.99345               0               
453    3.41178e-68     2.07733e-99           1.50378e-79           1.25313e-70           1.49143e-67           2.80885               0               
454    0.0110043       0.0258932             0.00223434            3.00202e-05           3.34163e-10           0.0728813             0.053287        
455    1.65624e-21     7.92909e-33           1.08432e-26           1.7615e-23            7.22859e-21           2.80602               0               
456    1.10586e-07     2.50902e-08           2.0205e-07            2.37035e-07           1.96468e-08           0.807018              0               
457    7.39196e-18     3.64268e-24           1.99368e-19           1.65717e-17           1.55694e-17           1.8868                0               
458    2.38595e-21     4.16606e-32           6.84014e-26           9.84689e-23           1.03402e-20           2.79359               0               
459    0.0174697       0.0418269             0.00483712            0.000110645           5.57994e-09           0.0819261             0.079066        
460    2.29072e-05     7.92756e-05           2.0616e-05            3.29523e-07           9.73372e-13           0.168889              0               
461    3.34186e-17     5.00858e-25           4.25347e-20           1.6075e-17            1.30092e-16           2.61464               0               
462    7.00451e-10     1.33735e-12           4.76935e-10           2.39219e-09           1.94073e-10           1.0543                0               
463    1.24935e-37     2.02556e-49           3.31848e-40           5.4092e-37            5.34856e-39           1.05363               0               
464    8.77948e-07     2.74408e-09           1.55752e-07           9.38414e-07           2.74419e-06           2.27859               0               
465    7.759e-43       3.72618e-57           5.02236e-46           3.37334e-42           2.07881e-44           1.04741               0               
466    4.10429e-24     8.38229e-27           1.75535e-23           3.94734e-25           2.03759e-34           0.444152              0               
467    2.0885e-62      2.08335e-80           1.49091e-66           8.89183e-62           2.45395e-63           1.08426               0               
468    2.29155e-55     3.74957e-74           9.96842e-60           9.89326e-55           1.32365e-56           1.06005               0               
469    1.17548e-54     7.50216e-70           3.02564e-57           5.13979e-54           5.88785e-60           1.03628               0               
470    3.87944e-65     2.95884e-99           2.96005e-78           1.10612e-68           1.69718e-64           2.81022               0               
471    2.10912e-57     5.84759e-76           7.83267e-62           9.1536e-57            7.39198e-59           1.05084               0               
472    2.74052e-34     3.94313e-42           3.30713e-35           1.16588e-33           4.97444e-38           1.02001               0               
473    1.50568e-22     1.94646e-24           6.3791e-22            1.88909e-23           1.26426e-31           0.447376              0               
474    5.07227e-06     1.59349e-08           9.33929e-07           5.89562e-06           1.53462e-05           2.23704               0               
475    6.73329e-27     1.23159e-32           1.44733e-27           2.7979e-26            3.24418e-29           1.00883               0               
476    5.40743e-18     7.83533e-24           1.77473e-19           8.35613e-18           1.51244e-17           2.16601               0               
477    0.00184673      0.000345646           0.00135704            0.00259921            0.00377772            1.72404               0               
478    0.00174924      0.000493807           0.00166867            0.00261247            0.00287813            1.51101               0               
479    0.0317597       0.0556539             0.0347596             0.0176443             0.00666318            0.413113              0.0646          
480    4.74897e-61     5.52521e-92           8.29947e-73           4.66819e-64           2.07725e-60           2.80994               0               
481    2.34199e-28     5.47531e-33           2.34963e-28           7.89661e-28           1.04158e-32           0.897769              0               
482    3.12496e-07     2.99538e-10           2.25836e-08           2.21502e-07           1.12281e-06           2.48308               0               
483    1.8783e-53      4.77068e-77           6.47627e-63           2.95465e-56           8.21476e-53           2.8097                0               
484    2.78192e-46     7.23681e-68           3.30407e-51           1.2142e-45            2.91554e-48           1.04088               0               
485    2.32384e-53     7.49702e-68           4.99917e-56           1.01618e-52           1.94437e-57           1.03637               0               
486    5.06381e-27     5.7705e-31            2.20234e-26           1.30668e-28           1.67891e-40           0.434558              0               
487    1.37791e-07     4.4804e-07            1.54179e-07           6.27434e-10           4.98852e-18           0.183487              0               
488    2.80706e-30     7.30875e-36           1.09196e-29           1.36155e-30           4.28986e-40           0.498139              0               
489    1.72242e-07     7.52748e-07           8.27228e-10           1.46227e-16           6.66534e-36           0.0974869             0               
490    1.07899e-05     4.72037e-05           2.89002e-09           2.27212e-17           1.0138e-38            0.0971409             0               
491    0.0090328       0.0176954             0.00031718            2.32938e-07           2.78958e-16           0.0469525             0.057337        
492    0.00820884      0.00625645            1.14063e-06           2.99946e-13           9.50612e-31           0.0169325             0.079066        
493    0.00575041      0.00220417            2.86607e-08           8.53669e-17           1.255e-38             0.00850931            0.061197        
494    0.00525561      0.00300618            1.70804e-07           5.3838e-15            3.64983e-35           0.0127006             0.053287        
495    0.00771898      0.0166577             0.000593126           1.43817e-06           3.91862e-14           0.0555185             0.04404         
496    0.00617545      0.00711113            7.76882e-06           4.73425e-11           4.2392e-25            0.0256859             0.053052        
