Note : P(D|M) is the probability of site D given the model M (i.e., the site likelihood)
P(D|M,rr[x]) is the probability of site D given the model M and the relative rate
of evolution rr[x], where x is the class of rate to be considered.
We have P(D|M) = \sum_x P(x) x P(D|M,rr[x]).


Site   P(D|M)          P(D|M,rr[1]=0.0907)   P(D|M,rr[2]=0.3979)   P(D|M,rr[3]=0.9505)   P(D|M,rr[4]=2.5609)   Posterior mean        P(D|M,rr[0]=0)  
1      0.0116761       0.013654              1.94669e-05           2.72583e-10           1.73041e-22           0.0266942             0.099081        
2      0.00800771      0.00517692            5.8203e-07            8.02519e-14           1.28746e-31           0.0146732             0.079066        
3      1.03746e-43     2.42477e-56           7.44964e-46           4.53423e-43           2.01522e-47           1.03938               0               
4      2.0268e-41      2.57869e-51           5.19494e-42           8.35366e-41           8.49527e-49           1.00488               0               
5      8.54079e-23     1.60743e-25           3.36029e-22           3.77179e-23           2.94138e-31           0.496332              0               
6      0.00870317      0.0162032             0.000230336           1.19952e-07           6.52012e-17           0.0448708             0.057337        
7      4.91988e-15     6.65504e-15           1.48723e-14           1.1492e-17            6.46368e-29           0.331924              0               
8      0.00145189      0.00146634            9.35581e-07           1.75702e-12           5.92799e-29           0.0229753             0.012937        
9      0.00197028      0.00397281            9.29726e-05           1.10442e-07           3.87719e-16           0.0504493             0.012066        
10     0.00870317      0.0162032             0.000230336           1.19952e-07           6.52012e-17           0.0448708             0.057337        
11     5.86384e-08     2.56615e-07           9.86109e-11           8.56473e-18           4.44506e-35           0.0994441             0               
12     1.13004e-07     4.86133e-07           8.58682e-09           2.65233e-13           3.06555e-26           0.10515               0               
13     3.09652e-05     0.000135188           3.74616e-07           2.45189e-12           1.35219e-26           0.100244              0               
14     2.71162e-17     3.17513e-17           8.69572e-17           3.70938e-21           2.23653e-36           0.345575              0               
15     3.5155e-10      1.52514e-09           1.39143e-11           7.58848e-18           1.11416e-34           0.102354              0               
16     1.41327e-21     2.7317e-22            5.91243e-21           1.57542e-24           2.40296e-38           0.420777              0               
17     2.48907e-22     4.29237e-23           1.04676e-21           9.80782e-27           1.21917e-45           0.422229              0               
18     1.38803e-08     6.06536e-08           1.13016e-10           6.8987e-17            4.18289e-34           0.0999402             0               
19     1.45225e-24     5.73589e-29           3.15624e-24           3.20153e-24           4.25887e-31           0.740026              0               
20     4.86662e-16     3.34954e-16           1.79433e-15           1.28198e-18           2.84137e-30           0.382981              0               
21     6.87422e-17     1.64474e-16           1.36469e-16           3.68972e-21           2.29102e-36           0.251759              0               
22     5.92298e-21     5.78813e-23           2.5643e-20            2.29333e-22           5.10412e-33           0.440063              0               
23     3.30114e-49     3.14699e-65           1.57926e-52           1.44481e-48           2.39108e-52           1.04052               0               
24     2.73578e-44     4.19e-55              8.87693e-46           1.18882e-43           2.16944e-49           1.03581               0               
25     7.32933e-29     2.29456e-34           1.16158e-28           2.04713e-28           1.52629e-35           0.821337              0               
26     1.23765e-15     8.25238e-17           4.55385e-15           7.8193e-16            2.11745e-21           0.517629              0               
27     2.45227e-42     2.12202e-56           2.63461e-45           1.07235e-41           9.68975e-45           1.04173               0               
28     5.80736e-49     5.32334e-66           1.27382e-52           2.54073e-48           1.55204e-51           1.04134               0               
29     1.7597e-63      3.97262e-88           3.10158e-70           3.92721e-63           3.77658e-63           1.90433               0               
30     3.02953e-34     1.7164e-39            1.26564e-33           6.06534e-35           1.67953e-45           0.463123              0               
31     5.05303e-24     3.58516e-25           2.16137e-23           1.49481e-25           7.77862e-36           0.434103              0               
32     5.54732e-39     6.52052e-46           1.84449e-38           5.84072e-39           7.04439e-49           0.580926              0               
33     2.39927e-10     1.04824e-09           2.13432e-12           2.5354e-19            3.15469e-39           0.099998              0               
34     0.00406526      0.00193391            6.40066e-08           8.60888e-16           7.48205e-37           0.0107934             0.041977        
35     0.00802666      0.00808155            5.641e-06             1.88751e-11           8.27144e-26           0.0229105             0.071586        
36     1.19254e-12     4.97197e-12           2.48854e-13           5.88501e-19           1.65021e-34           0.115338              0               
37     3.15119e-09     1.37864e-08           9.15275e-12           4.33311e-19           3.69054e-37           0.099538              0               
38     0.00222892      0.00130982            9.28565e-08           3.90508e-15           9.31784e-36           0.0133352             0.022355        
39     0.00406526      0.00193391            6.40066e-08           8.60888e-16           7.48205e-37           0.0107934             0.041977        
40     1.29543e-06     5.08923e-06           5.80022e-07           2.01572e-09           3.83011e-17           0.134029              0               
41     2.07202e-63     4.16879e-85           4.87e-70              8.21485e-64           8.24961e-63           2.64322               0               
42     0.00647268      0.00220568            2.76118e-08           1.94466e-16           2.46648e-35           0.00773093            0.069147        
43     0.00406526      0.00193391            6.40066e-08           8.60888e-16           7.48205e-37           0.0107934             0.041977        
44     1.24485e-67     3.84267e-99           3.09525e-78           2.77159e-69           5.42211e-67           2.79387               0               
45     1.57271e-49     2.94213e-64           1.84518e-52           6.88275e-49           5.67305e-53           1.04027               0               
46     3.91034e-15     6.0169e-15            1.10941e-14           8.1165e-18            2.26584e-28           0.317604              0               
47     9.27204e-87     1.21722e-142          1.29723e-112          2.93504e-97           4.05921e-86           2.80284               0               
48     0.079066        0.079066              0.079066              0.079066              0.079066              1                     0.079066        
49     0.055941        0.055941              0.055941              0.055941              0.055941              1                     0.055941        
50     0.055941        0.055941              0.055941              0.055941              0.055941              1                     0.055941        
51     0.055941        0.055941              0.055941              0.055941              0.055941              1                     0.055941        
52     0.04404         0.04404               0.04404               0.04404               0.04404               1                     0.04404         
53     0.057337        0.057337              0.057337              0.057337              0.057337              1                     0.057337        
54     0.079066        0.079066              0.079066              0.079066              0.079066              1                     0.079066        
55     0.057337        0.057337              0.057337              0.057337              0.057337              1                     0.057337        
56     0.057337        0.057337              0.057337              0.057337              0.057337              1                     0.057337        
57     0.062157        0.062157              0.062157              0.062157              0.062157              1                     0.062157        
58     0.057337        0.057337              0.057337              0.057337              0.057337              1                     0.057337        
59     0.055941        0.055941              0.055941              0.055941              0.055941              1                     0.055941        
60     0.057337        0.057337              0.057337              0.057337              0.057337              1                     0.057337        
61     0.012937        0.012937              0.012937              0.012937              0.012937              1                     0.012937        
62     0.055941        0.055941              0.055941              0.055941              0.055941              1                     0.055941        
63     0.069147        0.069147              0.069147              0.069147              0.069147              1                     0.069147        
64     1.3146e-62      7.83523e-93           2.08494e-73           7.62595e-65           5.74757e-62           2.8005                0               
65     3.64079e-42     2.60057e-47           1.59012e-41           3.78284e-44           7.60443e-61           0.436899              0               
66     4.78452e-51     1.44942e-70           1.53606e-56           8.11674e-51           1.28294e-50           2.11984               0               
67     1.54267e-44     3.72576e-55           3.78319e-45           6.37533e-44           2.13471e-52           1.00641               0               
68     2.75289e-73     2.72966e-112          2.512e-88             2.23516e-77           1.20517e-72           2.8028                0               
69     9.03086e-32     8.59282e-36           3.41071e-31           5.42834e-32           1.56176e-40           0.5185                0               
70     1.05217e-36     1.90764e-45           1.45922e-36           3.14707e-36           3.743e-45             0.848688              0               
71     4.30905e-15     3.77463e-18           3.03096e-15           1.47159e-14           1.11403e-15           1.04701               0               
72     1.56032e-72     3.67966e-112          8.10671e-90           6.24673e-79           6.83092e-72           2.80284               0               
73     2.61978e-86     5.98606e-129          4.9933e-104           1.94263e-92           1.14692e-85           2.80284               0               
74     7.19904e-90     3.82372e-143          2.57854e-114          7.64567e-100          3.15167e-89           2.80284               0               
75     0.057337        0.057337              0.057337              0.057337              0.057337              1                     0.057337        
76     0.055941        0.055941              0.055941              0.055941              0.055941              1                     0.055941        
77     0.099081        0.099081              0.099081              0.099081              0.099081              1                     0.099081        
78     0.057337        0.057337              0.057337              0.057337              0.057337              1                     0.057337        
79     0.057337        0.057337              0.057337              0.057337              0.057337              1                     0.057337        
80     0.057337        0.057337              0.057337              0.057337              0.057337              1                     0.057337        
81     0.000922453     0.000119602           0.000500405           0.00109843            0.00231998            1.95002               0               
82     3.28117e-70     1.47964e-113          1.57542e-90           8.11741e-79           1.43647e-69           2.80284               0               
83     2.7423e-47      1.19704e-74           7.26319e-58           3.65952e-50           1.20019e-46           2.8023                0               
84     3.36107e-06     1.00034e-07           1.29605e-06           4.00038e-06           9.31797e-06           2.09676               0               
85     2.35674e-08     1.43459e-11           8.12651e-10           7.37625e-09           9.49727e-08           2.65781               0               
86     7.28742e-55     8.0901e-80            3.41004e-64           4.62551e-57           3.18574e-54           2.80028               0               
87     2.49395e-70     1.44363e-109          9.65033e-88           7.93371e-77           1.09183e-69           2.80284               0               
88     3.45711e-07     1.62376e-10           1.33311e-08           1.51208e-07           1.34879e-06           2.6056                0               
89     0.000424456     7.72783e-05           0.000296747           0.000563951           0.000920253           1.77744               0               
90     0.00090642      8.77575e-05           0.000412095           0.00103129            0.00243708            2.03914               0               
91     0.000354561     6.1964e-05            0.00023733            0.000461432           0.000791508           1.809                 0               
92     1.55466e-05     6.79937e-05           6.79114e-08           8.01567e-14           1.04714e-29           0.0996504             0               
93     6.25559e-33     6.95902e-38           1.32645e-32           1.41218e-32           3.17746e-40           0.747343              0               
94     4.34422e-29     1.94134e-33           1.39862e-28           5.03224e-29           2.99632e-37           0.595495              0               
95     3.61043e-46     4.75067e-58           2.71422e-47           1.55347e-45           2.2064e-53            1.0299                0               
96     4.83569e-73     2.84211e-109          4.32331e-88           5.58671e-78           2.11701e-72           2.80283               0               
97     2.23508e-29     3.47166e-34           9.40698e-29           3.77949e-30           2.70813e-41           0.458825              0               
98     5.72045e-86     2.58341e-137          6.53151e-109          5.54099e-95           2.50436e-85           2.80284               0               
99     4.44771e-74     3.23821e-119          5.60437e-94           1.78731e-81           1.94717e-73           2.80284               0               
100    4.24448e-28     1.22919e-33           2.10237e-28           1.6479e-27            5.44931e-32           0.971911              0               
101    1.00806e-15     2.21788e-15           2.19484e-15           4.46457e-19           1.22347e-31           0.26659               0               
102    1.33539e-09     5.84453e-09           1.67852e-12           9.07064e-20           1.67093e-37           0.0994115             0               
103    6.26493e-06     2.74257e-05           1.57213e-09           2.78577e-17           9.46344e-36           0.0993343             0               
104    2.02055e-27     4.33414e-31           8.82067e-27           2.46752e-29           2.41654e-41           0.437135              0               
105    1.94328e-09     8.31725e-09           1.90242e-10           1.09698e-14           1.95347e-26           0.106833              0               
106    0.00729976      0.0149274             0.000386713           5.58937e-07           3.85567e-15           0.0516777             0.04404         
107    0.00789955      0.00470359            3.833e-07             2.99488e-14           1.0053e-32            0.0135123             0.079066        
108    0.00483516      0.00517709            4.5958e-06            2.09149e-11           9.85601e-26           0.0243843             0.042302        
109    0.057337        0.057337              0.057337              0.057337              0.057337              1                     0.057337        
110    0.057337        0.057337              0.057337              0.057337              0.057337              1                     0.057337        
111    0.04404         0.04404               0.04404               0.04404               0.04404               1                     0.04404         
112    0.055941        0.055941              0.055941              0.055941              0.055941              1                     0.055941        
113    0.061197        0.061197              0.061197              0.061197              0.061197              1                     0.061197        
114    0.055941        0.055941              0.055941              0.055941              0.055941              1                     0.055941        
115    0.04404         0.04404               0.04404               0.04404               0.04404               1                     0.04404         
116    0.057337        0.057337              0.057337              0.057337              0.057337              1                     0.057337        
117    0.057337        0.057337              0.057337              0.057337              0.057337              1                     0.057337        
118    0.04404         0.04404               0.04404               0.04404               0.04404               1                     0.04404         
119    0.079066        0.079066              0.079066              0.079066              0.079066              1                     0.079066        
120    0.079066        0.079066              0.079066              0.079066              0.079066              1                     0.079066        
121    0.04404         0.04404               0.04404               0.04404               0.04404               1                     0.04404         
122    0.04404         0.04404               0.04404               0.04404               0.04404               1                     0.04404         
123    0.061197        0.061197              0.061197              0.061197              0.061197              1                     0.061197        
124    0.099081        0.099081              0.099081              0.099081              0.099081              1                     0.099081        
125    0.053287        0.053287              0.053287              0.053287              0.053287              1                     0.053287        
126    0.061197        0.061197              0.061197              0.061197              0.061197              1                     0.061197        
127    0.055941        0.055941              0.055941              0.055941              0.055941              1                     0.055941        
128    0.057337        0.057337              0.057337              0.057337              0.057337              1                     0.057337        
129    0.055941        0.055941              0.055941              0.055941              0.055941              1                     0.055941        
130    0.061197        0.061197              0.061197              0.061197              0.061197              1                     0.061197        
131    0.069147        0.069147              0.069147              0.069147              0.069147              1                     0.069147        
132    0.00853308      0.0154993             0.000189671           7.55789e-08           1.91005e-17           0.0434185             0.057337        
133    9.58829e-07     4.19604e-06           1.6216e-09            3.48085e-16           4.66637e-34           0.0994448             0               
134    7.86219e-29     1.42486e-31           3.43975e-28           8.21123e-32           1.33335e-47           0.435469              0               
135    3.78697e-31     1.09448e-35           1.53216e-30           1.2573e-31            9.45559e-41           0.48133               0               
136    2.77059e-31     4.11543e-37           7.55424e-31           4.57516e-31           1.70433e-40           0.663602              0               
137    0.00802666      0.00808155            5.641e-06             1.88751e-11           8.27144e-26           0.0229105             0.071586        
138    1.14178e-06     4.99858e-06           3.29173e-11           4.14943e-21           4.99546e-48           0.0993172             0               
139    4.99929e-51     1.12737e-63           1.29839e-52           2.17566e-50           1.22447e-57           1.0367                0               
140    4.71203e-66     1.0929e-103           5.15908e-82           1.78506e-71           2.06288e-65           2.80283               0               
141    1.3777e-22      7.70651e-25           5.87071e-22           1.53008e-23           1.83399e-32           0.450378              0               
142    2.77841e-50     6.97931e-68           3.58644e-54           1.21527e-49           1.05744e-52           1.0418                0               
143    1.62482e-60     9.48465e-91           4.11438e-71           1.83933e-62           7.0949e-60            2.79828               0               
144    2.67708e-47     2.08288e-64           3.65246e-51           1.17029e-46           1.67534e-49           1.04279               0               
145    1.17871e-51     2.79187e-69           4.60401e-56           4.65978e-51           5.00459e-52           1.21122               0               
146    2.63996e-37     3.32443e-43           1.05344e-36           1.02309e-37           1.56291e-48           0.489005              0               
147    4.7246e-50      7.00659e-64           4.18422e-52           2.0642e-49            4.12476e-56           1.03907               0               
148    1.66555e-28     4.85211e-32           7.27966e-28           1.14541e-30           4.43905e-44           0.436392              0               
149    1.50909e-07     6.60498e-07           1.67412e-10           7.27774e-18           7.24941e-36           0.0994002             0               
150    0.00587602      0.00567274            3.27478e-06           7.57278e-12           8.67997e-27           0.0219561             0.053052        
151    5.79677e-07     2.53751e-06           2.57438e-10           4.97323e-18           7.29708e-39           0.0993491             0               
152    0.00509668      0.00217529            4.93958e-08           3.84787e-16           1.79789e-37           0.00968325            0.053287        
153    0.00142716      0.00135835            6.69154e-07           7.89855e-13           6.94462e-30           0.0216384             0.012937        
154    0.00729976      0.0149274             0.000386713           5.58937e-07           3.85567e-15           0.0516777             0.04404         
155    9.96994e-12     1.59935e-11           2.73116e-11           3.4235e-13            1.14353e-20           0.317035              0               
156    0.00647491      0.00221549            2.81544e-08           2.0374e-16            2.79892e-35           0.00776261            0.069147        
157    6.52781e-23     1.04234e-23           2.75354e-22           4.3901e-27            2.43523e-44           0.423213              0               
158    4.55316e-08     1.98321e-07           1.01189e-09           3.6958e-15            2.40889e-30           0.101021              0               
159    0.00647268      0.00220568            2.76118e-08           1.94466e-16           2.46648e-35           0.00773093            0.069147        
160    0.0019322       0.00382074            7.83577e-05           7.34347e-08           1.29609e-16           0.0489013             0.012066        
161    2.17955e-47     5.94495e-57           8.76023e-48           8.66583e-47           4.52836e-56           0.984762              0               
162    6.44285e-38     4.87514e-44           2.49274e-37           3.27881e-38           7.65312e-50           0.505772              0               
163    2.92864e-15     1.22213e-14           6.00038e-16           8.71174e-22           4.54317e-38           0.115047              0               
164    1.18021e-17     1.64913e-18           4.98986e-17           1.20814e-19           1.04795e-30           0.42615               0               
165    3.83773e-46     1.58279e-59           3.26806e-48           1.67685e-45           2.82755e-51           1.03912               0               
166    1.18784e-29     1.70137e-32           5.18944e-29           9.13118e-32           9.36768e-46           0.436416              0               
167    1.00763e-46     1.29864e-60           2.80981e-49           4.40842e-46           8.51033e-51           1.03994               0               
168    6.36319e-58     5.75054e-84           4.1206e-66            1.0232e-58            2.68342e-57           2.7381                0               
169    2.5863e-51      2.78825e-65           4.9036e-54            1.13142e-50           3.46213e-54           1.04057               0               
170    1.48706e-57     1.78238e-88           1.33375e-69           6.45434e-61           6.50956e-57           2.80266               0               
171    5.34232e-56     1.44142e-72           1.31758e-59           2.33845e-55           2.37837e-59           1.04044               0               
172    3.51352e-06     1.53803e-05           1.56818e-09           3.04162e-17           4.29347e-38           0.0993493             0               
173    6.71443e-35     3.77944e-39           2.93245e-34           7.02778e-37           1.04258e-51           0.436906              0               
174    0.069147        0.069147              0.069147              0.069147              0.069147              1                     0.069147        
175    0.04404         0.04404               0.04404               0.04404               0.04404               1                     0.04404         
176    0.055941        0.055941              0.055941              0.055941              0.055941              1                     0.055941        
177    0.079066        0.079066              0.079066              0.079066              0.079066              1                     0.079066        
178    0.055941        0.055941              0.055941              0.055941              0.055941              1                     0.055941        
179    0.055941        0.055941              0.055941              0.055941              0.055941              1                     0.055941        
180    2.2488e-29      6.41111e-36           8.4989e-29            1.34612e-29           2.30678e-40           0.518163              0               
181    6.52006e-12     2.84647e-11           7.95351e-14           8.74298e-21           1.99059e-38           0.100252              0               
182    0.00222892      0.00130982            9.28564e-08           3.90508e-15           9.31784e-36           0.0133352             0.022355        
183    1.57941e-05     6.56584e-05           3.48353e-06           3.25251e-09           2.10818e-18           0.116294              0               
184    5.91135e-06     2.58538e-05           2.55251e-08           2.95111e-14           3.69858e-30           0.0996465             0               
185    1.64118e-35     2.29428e-43           1.77617e-36           7.00686e-35           4.45753e-39           1.02545               0               
186    1.41094e-73     6.50284e-108          9.05176e-86           4.22546e-76           6.17274e-73           2.80163               0               
187    0.00222892      0.00130982            9.28564e-08           3.90508e-15           9.31784e-36           0.0133352             0.022355        
188    0.00802666      0.00808155            5.641e-06             1.88751e-11           8.27144e-26           0.0229105             0.071586        
189    0.00802666      0.00808155            5.641e-06             1.88751e-11           8.27144e-26           0.0229105             0.071586        
190    5.8409e-14      2.43762e-13           1.19473e-14           1.14151e-20           1.87517e-39           0.115021              0               
191    9.65068e-43     2.21858e-57           6.92821e-45           4.21804e-42           3.8269e-48            1.0393                0               
192    7.9594e-06      3.48319e-05           1.3611e-08            2.93951e-15           3.52855e-33           0.0994463             0               
193    0.00509668      0.00217529            4.93958e-08           3.84787e-16           1.79789e-37           0.00968325            0.053287        
194    1.80248e-28     4.2543e-31            7.85925e-28           2.76017e-30           1.13009e-42           0.437399              0               
195    0.00562913      0.00151712            6.93214e-09           4.50611e-18           6.46436e-41           0.00611412            0.061197        
196    4.67805e-20     4.15195e-20           1.6323e-19            5.13178e-23           5.09794e-36           0.367468              0               
197    3.39439e-20     7.82054e-20           7.03955e-20           2.15483e-24           1.57513e-39           0.258568              0               
198    2.5014e-67      9.40448e-108          1.41389e-84           2.90028e-73           1.09509e-66           2.80284               0               
199    1.97304e-69     1.93051e-96           2.03158e-78           1.29478e-70           8.5083e-69            2.77642               0               
200    5.88106e-10     2.19079e-09           3.83781e-10           1.03968e-13           3.33371e-25           0.14946               0               
201    4.6246e-34      5.39935e-45           2.95535e-35           1.99505e-33           2.43367e-39           1.03146               0               
202    3.22028e-29     1.35662e-33           1.39765e-28           1.21428e-30           9.23658e-43           0.440671              0               
203    6.35179e-29     3.87931e-32           2.77218e-28           8.18704e-31           1.26538e-42           0.437198              0               
204    7.51178e-18     2.89657e-17           3.92e-18              1.52896e-22           6.31488e-36           0.139388              0               
205    8.883e-43       2.66422e-52           3.46639e-43           3.54226e-42           9.95222e-51           0.986379              0               
206    1.69312e-40     7.65768e-51           1.43283e-40           5.97951e-40           1.61888e-51           0.923376              0               
207    5.76888e-81     7.25488e-128          2.74998e-101          1.97266e-88           2.52556e-80           2.80284               0               
208    6.60244e-17     1.20301e-17           2.76588e-16           4.29893e-19           1.51646e-30           0.422374              0               
209    4.91878e-09     2.14932e-08           4.07745e-11           2.51898e-17           1.36853e-34           0.0999515             0               
210    1.70768e-50     1.0079e-65            2.73923e-53           7.4732e-50            1.12649e-54           1.0401                0               
211    2.21143e-29     3.16156e-32           8.3104e-29            1.36788e-29           2.21201e-37           0.52081               0               
212    2.26175e-17     6.26307e-17           3.63864e-17           1.85642e-22           3.03613e-38           0.222843              0               
213    1.61056e-40     1.1604e-49            4.35286e-41           6.61559e-40           3.55063e-48           1.00295               0               
214    6.11747e-56     5.69926e-77           3.72344e-61           2.60126e-55           7.69064e-57           1.0909                0               
215    5.85989e-08     2.45619e-07           1.09202e-08           1.43761e-12           2.08809e-24           0.113629              0               
216    5.06974e-20     3.34991e-20           1.88448e-19           2.02826e-24           5.06819e-40           0.384734              0               
217    2.32317e-29     2.36118e-34           6.16302e-29           4.00759e-29           1.0639e-36            0.673786              0               
218    1.02451e-60     1.97763e-80           1.0066e-65            4.03699e-60           4.4819e-61            1.21641               0               
219    2.25126e-11     4.07896e-14           8.08693e-12           6.12274e-11           2.92029e-11           1.51252               0               
220    7.63907e-49     9.42185e-66           9.46039e-54           1.15128e-48           2.19302e-48           2.19607               0               
221    5.75607e-06     2.01922e-06           1.1169e-05            1.04519e-05           1.55939e-06           0.805887              0               
222    4.90979e-08     1.12267e-10           7.9668e-09            5.71474e-08           1.49719e-07           2.24507               0               
223    7.08954e-05     2.74396e-05           0.000149956           0.000118591           1.43861e-05           0.746575              0               
224    0.0321774       0.0524768             0.0389243             0.0228312             0.00496926            0.424797              0.057337        
225    0.00038201      0.000408516           0.000790083           0.000448538           2.52683e-05           0.551336              0               
226    0.021963        0.0476329             0.0205813             0.00472125            9.00298e-05           0.196115              0.061197        
227    2.04711e-28     8.3368e-33            1.82126e-28           7.14054e-28           1.77793e-32           0.917405              0               
228    2.78972e-12     1.55089e-15           7.43089e-13           7.09981e-12           4.36869e-12           1.63384               0               
229    4.75765e-08     2.17175e-09           3.69219e-08           1.11505e-07           5.76863e-08           1.41141               0               
230    1.17197e-58     8.85928e-80           3.96825e-64           4.87966e-58           2.51119e-59           1.12656               0               
231    1.18742e-49     8.28865e-70           6.35763e-55           4.05165e-49           1.14676e-49           1.4291                0               
232    1.47464e-55     2.99059e-78           4.03245e-62           1.42729e-55           5.02855e-55           2.41316               0               
233    5.62234e-39     6.35103e-49           3.36872e-40           2.42771e-38           8.55771e-44           1.03202               0               
234    2.03485e-19     4.69668e-21           8.77548e-19           8.59354e-21           5.64057e-31           0.439527              0               
235    6.97329e-46     5.1249e-61            2.18108e-48           3.05066e-45           3.74052e-52           1.03986               0               
236    1.14687e-74     6.13893e-117          6.798e-92             3.72336e-80           5.02087e-74           2.80283               0               
237    4.01762e-26     1.17975e-28           1.73723e-25           2.04697e-27           3.19311e-38           0.442278              0               
238    3.69891e-11     1.10241e-10           5.1681e-11            1.32469e-14           8.59113e-27           0.206673              0               
239    0.000370246     6.67438e-05           0.000253163           0.000486066           0.000814928           1.79322               0               
240    1.15716e-65     6.35214e-93           4.86763e-74           2.71916e-66           4.79403e-65           2.70823               0               
241    0.04404         0.04404               0.04404               0.04404               0.04404               1                     0.04404         
242    7.14747e-74     2.62265e-98           2.86387e-80           2.38453e-73           7.44566e-74           1.45969               0               
243    6.04215e-22     5.21147e-22           2.12389e-21           1.60723e-25           3.26355e-40           0.369274              0               
244    1.10588e-68     1.51894e-92           2.69032e-74           4.8318e-68            9.64462e-71           1.0438                0               
245    1.78389e-19     7.64982e-19           1.59903e-20           4.41438e-27           3.99708e-46           0.106198              0               
246    7.79267e-69     7.67606e-101          7.73003e-81           6.73254e-72           3.41089e-68           2.80249               0               
247    3.82182e-26     1.36254e-29           9.02082e-26           7.70939e-26           1.0075e-31            0.714123              0               
248    2.58465e-05     0.000112696           4.57495e-07           5.32379e-12           7.62167e-26           0.100674              0               
249    3.44298e-17     5.57414e-17           9.4952e-17            3.68378e-20           2.11275e-32           0.311301              0               
250    0.00729976      0.0149274             0.000386713           5.58937e-07           3.85567e-15           0.0516777             0.04404         
251    4.61914e-31     5.74168e-38           2.55449e-31           1.76677e-30           2.46177e-37           0.963888              0               
252    2.50889e-73     3.02614e-102          8.97717e-83           1.19237e-74           1.08644e-72           2.7837                0               
253    7.4941e-52      1.18393e-59           3.31026e-52           2.94982e-51           2.01335e-57           0.979267              0               
254    2.80749e-06     1.22208e-05           7.01756e-08           1.99566e-12           1.89264e-24           0.101234              0               
255    0.057337        0.057337              0.057337              0.057337              0.057337              1                     0.057337        
256    0.061197        0.061197              0.061197              0.061197              0.061197              1                     0.061197        
257    3.31305e-74     1.7237e-114           1.99484e-91           3.12413e-80           1.45042e-73           2.80284               0               
258    1.28724e-55     2.78798e-74           5.53216e-60           5.53309e-55           1.02271e-56           1.07227               0               
259    2.67389e-30     2.15813e-35           1.14109e-29           2.9513e-31            1.48976e-42           0.450712              0               
260    0.00853308      0.0154993             0.000189671           7.55789e-08           1.91005e-17           0.0434185             0.057337        
261    9.99886e-37     2.56524e-45           5.40747e-37           3.83666e-36           1.20775e-43           0.965575              0               
262    2.59617e-05     0.000113618           4.03114e-08           7.38973e-15           5.82472e-33           0.0994342             0               
263    1.01575e-05     4.44615e-05           6.90093e-09           2.47752e-16           6.8043e-37            0.0993672             0               
264    3.33917e-06     1.46173e-05           1.28414e-09           1.62554e-17           2.71267e-39           0.0993445             0               
265    3.65729e-06     1.60094e-05           1.84523e-09           4.2934e-17            7.68621e-38           0.0993537             0               
266    7.43425e-06     3.25426e-05           3.84273e-09           9.15605e-17           1.61719e-37           0.0993547             0               
267    5.68574e-07     2.48914e-06           1.80988e-11           2.77902e-21           5.13712e-48           0.0993174             0               
268    1.73498e-18     3.27995e-19           7.22384e-18           4.37572e-20           1.08911e-29           0.424433              0               
269    1.69608e-09     7.27254e-09           1.5274e-10            1.18155e-15           1.16762e-30           0.10623               0               
270    1.00954e-35     2.16923e-45           3.21052e-37           4.38717e-35           3.95416e-39           1.03605               0               
271    6.36547e-10     2.56281e-09           2.23912e-10           1.62184e-14           2.44348e-27           0.12633               0               
272    2.0777e-09      9.09122e-09           4.74119e-12           2.73439e-19           1.35331e-39           0.0994902             0               
273    4.78762e-43     1.08281e-54           6.5435e-45            2.08941e-42           2.01297e-47           1.03842               0               
274    0.057337        0.057337              0.057337              0.057337              0.057337              1                     0.057337        
275    0.057337        0.057337              0.057337              0.057337              0.057337              1                     0.057337        
276    0.057337        0.057337              0.057337              0.057337              0.057337              1                     0.057337        
277    0.057337        0.057337              0.057337              0.057337              0.057337              1                     0.057337        
278    0.099081        0.099081              0.099081              0.099081              0.099081              1                     0.099081        
279    0.079066        0.079066              0.079066              0.079066              0.079066              1                     0.079066        
280    0.042302        0.042302              0.042302              0.042302              0.042302              1                     0.042302        
281    0.055941        0.055941              0.055941              0.055941              0.055941              1                     0.055941        
282    0.034155        0.034155              0.034155              0.034155              0.034155              1                     0.034155        
283    0.042302        0.042302              0.042302              0.042302              0.042302              1                     0.042302        
284    0.04404         0.04404               0.04404               0.04404               0.04404               1                     0.04404         
285    0.041977        0.041977              0.041977              0.041977              0.041977              1                     0.041977        
286    0.057337        0.057337              0.057337              0.057337              0.057337              1                     0.057337        
287    3.43682e-43     2.63806e-52           6.85994e-44           1.43601e-42           2.84458e-49           1.01271               0               
288    2.83066e-21     3.55421e-21           8.83805e-21           1.12471e-25           1.24073e-40           0.33906               0               
289    4.19962e-15     2.12014e-16           1.70566e-14           1.11693e-15           8.8608e-23            0.468332              0               
290    5.84696e-26     2.55614e-30           2.32123e-25           2.38491e-26           2.18986e-36           0.491813              0               
291    5.49081e-24     1.93641e-26           2.28315e-23           1.18736e-24           6.46071e-33           0.465069              0               
292    1.21322e-32     5.22695e-40           4.62778e-33           4.84859e-32           5.91926e-38           0.987594              0               
293    1.81546e-12     6.15266e-12           1.79504e-12           2.33222e-16           6.54399e-29           0.175262              0               
294    4.83943e-36     3.02111e-44           1.87319e-36           1.93134e-35           1.93782e-42           0.986815              0               
295    1.11783e-42     1.5467e-50            2.13545e-42           2.75832e-42           1.26585e-52           0.776368              0               
296    9.41428e-25     3.71983e-25           3.74949e-24           6.68428e-30           4.49221e-51           0.405126              0               
297    5.30523e-30     1.58276e-35           2.28481e-29           3.77682e-31           3.98617e-45           0.445299              0               
298    7.34407e-61     4.68208e-85           2.30954e-67           2.14594e-60           1.06923e-60           1.62644               0               
299    9.13876e-32     5.87601e-37           2.96456e-31           1.0363e-31            6.24033e-41           0.592125              0               
300    1.45525e-38     1.07031e-52           1.27492e-41           6.35673e-38           1.29363e-40           1.04375               0               
301    0.00882545      0.0167061             0.000262705           1.62456e-07           1.35187e-16           0.0459078             0.057337        
302    3.21465e-15     2.05085e-15           1.17771e-14           2.45503e-16           1.96264e-23           0.39703               0               
303    7.05738e-55     4.84934e-71           3.66795e-58           3.08878e-54           5.02315e-58           1.04051               0               
304    3.41352e-67     1.50184e-99           8.04807e-80           9.44847e-71           1.49431e-66           2.80272               0               
305    2.44689e-39     1.38238e-49           1.66451e-40           1.05458e-38           2.75509e-44           1.0309                0               
306    8.14102e-59     6.264e-82             9.24216e-65           3.43576e-58           1.28305e-59           1.10374               0               
307    2.35992e-75     5.36931e-126          5.73665e-98           4.82528e-84           1.03315e-74           2.80284               0               
308    5.5571e-19      4.91124e-19           1.94162e-18           1.07028e-22           6.78064e-39           0.367632              0               
309    5.84774e-21     2.70599e-23           2.48481e-20           7.25684e-22           2.37343e-31           0.452253              0               
310    1.31743e-54     1.32784e-73           2.42431e-58           5.76731e-54           2.1346e-59            1.04027               0               
311    3.98821e-40     5.04158e-50           1.32928e-40           1.61307e-39           4.32154e-48           0.994243              0               
312    1.97122e-28     8.54797e-32           8.19311e-28           4.35867e-29           4.41113e-39           0.465979              0               
313    4.24521e-15     1.30151e-14           5.5698e-15            2.27803e-19           4.45857e-34           0.200068              0               
314    0.00515035      0.00241023            7.65909e-08           1.0404e-15            1.56826e-36           0.0106177             0.053287        
315    0.00578011      0.00181526            1.69798e-08           7.59821e-17           5.94058e-36           0.00712476            0.062157        
316    5.19813e-06     2.27053e-05           5.16643e-08           1.60884e-13           5.4442e-30            0.100078              0               
317    4.9982e-19      8.81452e-19           1.30605e-18           6.65673e-22           1.17427e-33           0.300238              0               
318    4.90376e-06     2.14592e-05           9.01102e-09           2.16711e-15           2.96356e-33           0.0994561             0               
319    6.13016e-07     2.68334e-06           3.91004e-10           1.31393e-17           5.35666e-38           0.099364              0               
320    1.9687e-06      8.61798e-06           7.92631e-10           1.10188e-17           2.94518e-39           0.0993459             0               
321    3.65928e-27     1.73984e-29           1.56211e-26           3.8146e-28            9.20535e-38           0.449501              0               
322    1.43083e-06     6.24531e-06           1.87518e-08           1.33929e-13           6.94998e-28           0.100321              0               
323    5.11577e-06     2.2394e-05            2.31223e-09           3.87202e-17           1.29267e-38           0.0993497             0               
324    7.40073e-09     3.19399e-08           4.59755e-10           9.35743e-15           2.09222e-28           0.104085              0               
325    0.00792007      0.00479341            4.16534e-07           3.65613e-14           1.73233e-32           0.013735              0.079066        
326    1.29615e-31     6.85803e-36           5.65752e-31           1.68284e-33           1.69861e-48           0.437254              0               
327    6.2429e-58      1.42457e-79           5.20886e-64           9.85646e-58           1.74744e-57           2.1672                0               
328    1.42925e-53     2.19469e-72           2.86024e-58           5.65449e-53           6.02598e-54           1.21003               0               
329    3.56726e-25     1.33046e-27           1.55808e-24           2.29726e-27           6.05901e-41           0.436068              0               
330    2.63755e-12     5.06049e-15           1.68187e-12           9.04355e-12           8.16453e-13           1.07641               0               
331    5.02002e-15     7.3951e-20            1.92794e-16           6.04155e-15           1.57428e-14           2.29753               0               
332    2.37207e-15     3.39489e-20           2.54121e-16           7.21776e-15           2.91277e-15           1.51986               0               
333    1.52575e-14     1.20642e-18           2.27497e-15           4.05153e-14           2.40046e-14           1.65308               0               
334    1.9778e-08      9.61173e-09           4.91427e-08           2.74777e-08           3.54173e-10           0.599771              0               
335    1.35756e-07     7.60874e-08           3.54835e-07           1.62235e-07           1.16968e-09           0.56219               0               
336    5.28841e-18     7.59321e-23           4.59911e-19           1.25385e-17           1.01537e-17           1.80126               0               
337    7.19122e-08     1.34483e-08           1.17875e-07           1.63659e-07           1.98421e-08           0.884725              0               
338    8.07945e-26     2.34332e-38           8.74012e-31           3.14998e-27           3.5056e-25            2.78713               0               
339    0.0116518       0.0262923             0.00157907            1.23112e-05           5.35713e-11           0.0649212             0.061197        
340    1.84478e-21     3.85461e-33           2.06216e-26           4.80352e-23           8.0282e-21            2.79235               0               
341    3.41078e-06     2.25442e-06           9.13879e-06           3.51636e-06           2.25233e-08           0.530715              0               
342    4.54138e-05     6.5008e-05            0.000101512           3.20996e-05           1.97259e-07           0.425552              0               
343    3.61866e-16     4.38312e-21           3.20889e-17           9.95756e-16           5.56368e-16           1.64703               0               
344    4.45452e-16     1.20048e-22           4.02011e-18           3.69767e-16           1.57636e-15           2.46376               0               
345    9.64943e-05     0.000204758           0.000187233           3.03713e-05           8.09298e-08           0.31647               0               
346    9.11078e-07     5.08224e-07           2.38338e-06           1.09015e-06           6.86555e-09           0.562015              0               
347    9.11263e-13     4.08236e-18           1.2764e-14            5.5146e-13            3.4252e-12            2.55162               0               
348    0.0195948       0.0466748             0.0111515             0.000904055           9.715e-07             0.12164               0.071586        
349    0.00904886      0.0216024             0.0025491             5.74817e-05           1.50104e-09           0.0836875             0.040767        
350    0.000390946     7.63897e-05           0.000293716           0.000556169           0.000785252           1.70316               0               
351    0.000265018     2.90408e-05           0.000129748           0.000307981           0.000693454           2.00255               0               
352    1.12204e-45     1.3119e-56            7.25737e-47           4.83961e-45           2.11606e-51           1.03136               0               
353    6.04401e-50     4.56544e-74           7.65339e-58           6.36655e-51           2.58234e-49           2.76043               0               
354    4.67301e-65     3.37014e-98           9.85591e-78           2.06472e-68           2.04559e-64           2.80266               0               
355    1.5621e-63      5.34522e-93           1.26891e-74           2.05683e-66           6.83666e-63           2.80231               0               
356    3.91354e-46     1.88692e-65           6.40993e-53           2.07282e-47           1.69258e-45           2.78151               0               
357    2.84263e-49     6.43889e-73           5.13865e-59           1.58954e-52           1.24432e-48           2.80261               0               
358    2.54469e-40     1.87433e-52           3.07695e-43           8.64078e-40           2.49653e-40           1.4351                0               
359    7.18341e-44     1.1794e-66            2.74645e-53           5.41392e-47           3.14429e-43           2.80253               0               
360    1.89495e-21     1.23587e-26           3.99982e-22           7.48659e-21           4.0935e-22            1.0981                0               
361    1.8557e-34      8.47658e-53           5.34436e-42           4.57711e-37           8.11952e-34           2.80184               0               
362    1.59886e-24     1.26902e-32           1.33574e-26           2.96157e-24           4.02475e-24           2.05258               0               
363    4.56379e-22     7.81158e-32           1.33369e-25           7.81073e-23           1.91974e-21           2.73377               0               
364    3.3063e-19      1.58448e-26           1.40608e-21           1.88543e-19           1.25752e-18           2.57095               0               
365    0.057337        0.057337              0.057337              0.057337              0.057337              1                     0.057337        
366    6.33094e-07     2.48417e-07           1.48579e-06           1.01861e-06           1.88144e-08           0.643687              0               
367    6.70084e-11     2.08112e-11           2.06318e-10           6.61668e-11           6.08635e-14           0.548528              0               
368    0.0126609       0.0296395             0.00262428            3.79162e-05           4.91168e-10           0.0744361             0.061197        
369    2.54434e-11     3.18206e-14           1.27098e-11           8.41446e-11           1.45026e-11           1.20049               0               
370    1.8475e-23      1.00311e-32           6.08417e-27           2.86728e-24           7.80083e-23           2.74018               0               
371    5.00373e-13     4.92284e-15           8.71531e-13           1.31108e-12           3.0509e-15            0.799999              0               
372    0.0195948       0.0466748             0.0111515             0.000904055           9.715e-07             0.12164               0.071586        
373    3.994e-08       2.6869e-08            1.08163e-07           3.96522e-08           1.69379e-10           0.523262              0               
374    2.80051e-22     5.91132e-32           4.19266e-26           2.58279e-23           1.20017e-21           2.76563               0               
375    7.80953e-20     7.14243e-28           3.07345e-22           7.71434e-20           2.64443e-19           2.40301               0               
376    3.68538e-08     3.67911e-09           7.38599e-08           8.20629e-08           1.74073e-09           0.76097               0               
377    0.0202815       0.0443726             0.0186986             0.00400183            4.93386e-05           0.189782              0.057337        
378    3.26609e-19     1.2101e-27            2.13743e-22           6.33297e-20           1.36632e-18           2.72442               0               
379    1.63646e-16     2.17749e-23           1.69448e-18           2.09442e-16           5.05291e-16           2.28197               0               
380    1.10483e-23     4.13425e-38           3.20299e-30           3.75322e-26           4.8331e-23            2.80147               0               
381    2.05389e-19     2.90898e-28           1.61956e-22           6.47231e-20           8.34289e-19           2.67554               0               
382    1.17131e-21     5.7077e-33            2.3318e-26            4.27179e-23           5.08513e-21           2.78814               0               
383    7.78932e-27     2.0346e-44            1.65006e-35           1.28128e-30           3.40996e-26           2.80277               0               
384    2.32e-26        2.98625e-45           9.22037e-36           1.59188e-30           1.01566e-25           2.80281               0               
385    2.58399e-12     1.02415e-16           8.26227e-14           1.88284e-12           9.34688e-12           2.49216               0               
386    0.0007142       0.000188196           0.000665084           0.00109888            0.00117454            1.5171                0               
387    0.00121491      0.000213628           0.000828785           0.00161593            0.00266044            1.78987               0               
388    0.00326832      0.000801752           0.00283577            0.00477492            0.00589597            1.59397               0               
389    0.069147        0.069147              0.069147              0.069147              0.069147              1                     0.069147        
390    2.29993e-25     4.12698e-38           1.90502e-30           8.03059e-27           9.98855e-25           2.78877               0               
391    8.75077e-26     1.71301e-34           6.06624e-29           1.72839e-26           3.65756e-25           2.72294               0               
392    2.07949e-29     2.28112e-44           5.77522e-36           5.97586e-32           9.09784e-29           2.80168               0               
393    6.52561e-18     3.00318e-25           3.8243e-20            6.20768e-18           2.23226e-17           2.41668               0               
394    3.01798e-42     4.8924e-57            1.9311e-45            1.31803e-41           3.01573e-44           1.04422               0               
395    7.06492e-06     3.08247e-05           1.04803e-07           9.51037e-13           9.72886e-27           0.100454              0               
396    1.03002e-44     6.46569e-59           1.47892e-47           4.50639e-44           1.47575e-47           1.04067               0               
397    2.58231e-38     7.31223e-47           3.14677e-38           8.15832e-38           2.59747e-47           0.871937              0               
398    5.88038e-29     5.11885e-36           3.50826e-29           2.22355e-28           2.38596e-34           0.957869              0               
399    3.31106e-16     7.78993e-16           6.70552e-16           7.36004e-21           9.63643e-36           0.25482               0               
400    1.92977e-26     3.90851e-29           8.42953e-26           1.4928e-28            1.61797e-40           0.436378              0               
401    0.00885166      0.0168134             0.000270195           1.73783e-07           1.62496e-16           0.0461312             0.057337        
402    0.00885166      0.0168134             0.000270195           1.73783e-07           1.62496e-16           0.0461312             0.057337        
403    8.6967e-35      5.4735e-45            1.93592e-36           3.78745e-34           5.2153e-38            1.03746               0               
404    1.61407e-10     6.95859e-10           1.07678e-11           3.52171e-17           7.55429e-34           0.104437              0               
405    1.50556e-06     6.59096e-06           2.4752e-10            1.06961e-18           3.15982e-40           0.0993276             0               
406    1.50556e-06     6.59096e-06           2.4752e-10            1.06961e-18           3.15982e-40           0.0993276             0               
407    3.33043e-06     1.45768e-05           3.47652e-09           2.58693e-16           4.22036e-36           0.0993951             0               
408    1.22465e-05     5.36084e-05           5.7616e-09            1.22684e-16           2.20498e-37           0.0993511             0               
409    3.23946e-43     1.44894e-51           3.52209e-43           1.066e-42             3.41879e-52           0.890083              0               
410    2.79041e-17     1.05592e-16           1.65692e-17           9.6252e-23            1.81121e-40           0.144909              0               
411    8.94906e-11     3.47992e-10           4.37815e-11           8.13727e-15           6.09118e-26           0.136899              0               
412    0.00195127      0.000116755           0.000849659           0.00253013            0.00504591            2.00838               0               
413    4.55295e-38     1.24758e-43           1.03355e-37           9.59692e-38           9.82928e-46           0.726672              0               
414    3.45734e-15     1.03663e-14           4.76845e-15           1.15501e-18           1.18452e-30           0.205288              0               
415    4.00153e-17     1.69978e-16           5.20558e-18           4.91596e-24           2.91096e-40           0.109304              0               
416    1.57374e-38     3.61037e-49           6.44348e-40           6.82523e-38           1.33368e-43           1.03464               0               
417    5.535e-65       4.09497e-91           7.08784e-74           2.43203e-66           2.39885e-64           2.78515               0               
418    1.12571e-07     4.39318e-10           2.41091e-08           1.33332e-07           3.34944e-07           2.20776               0               
419    9.24355e-76     7.94714e-113          4.77652e-90           1.48237e-79           4.04659e-75           2.80277               0               
420    2.43949e-51     5.81915e-70           5.81702e-56           1.02562e-50           4.23603e-52           1.1102                0               
421    1.54998e-39     2.2883e-50            7.80339e-42           6.70894e-39           6.89175e-41           1.0575                0               
422    5.15306e-46     2.64436e-60           3.45117e-48           2.2525e-45            1.2902e-50            1.03938               0               
423    0.0646          0.0646                0.0646                0.0646                0.0646                1                     0.0646          
424    0.053052        0.053052              0.053052              0.053052              0.053052              1                     0.053052        
425    0.022355        0.022355              0.022355              0.022355              0.022355              1                     0.022355        
426    5.19566e-48     5.4946e-63            6.16559e-52           1.49575e-47           7.78802e-48           1.64375               0               
427    1.34208e-42     3.13728e-53           8.32516e-44           5.79224e-42           5.37378e-48           1.03172               0               
428    8.6166e-28      1.49993e-36           8.49095e-29           3.68733e-27           2.43835e-32           1.02669               0               
429    2.92427e-17     1.04895e-16           2.31256e-17           1.41359e-21           9.68128e-36           0.160047              0               
430    9.86957e-25     4.54084e-29           4.28667e-24           3.40923e-26           4.02515e-38           0.440233              0               
431    7.07566e-23     1.93779e-24           3.05964e-22           1.86398e-24           2.60565e-35           0.437001              0               
432    5.91481e-65     6.18789e-90           3.51477e-72           6.44249e-65           1.9452e-64            2.36432               0               
433    8.87615e-55     2.56488e-71           2.91054e-58           3.88411e-54           1.49891e-57           1.04092               0               
434    1.55726e-66     8.72183e-103          8.76313e-81           1.08927e-70           6.81741e-66           2.80281               0               
435    9.70853e-30     1.00892e-31           4.1425e-29            9.77151e-31           1.66378e-40           0.448571              0               
436    1.99581e-20     6.97809e-21           8.03936e-20           2.94939e-24           1.93475e-38           0.408639              0               
437    1.37901e-62     8.35735e-94           1.92205e-75           1.12159e-66           6.03704e-62           2.8028                0               
438    1.29825e-64     1.01039e-94           3.07006e-77           6.46847e-69           5.68357e-64           2.80282               0               
439    3.03048e-64     1.21692e-97           1.14404e-77           2.68001e-68           1.32669e-63           2.8028                0               
440    8.5273e-15      5.24947e-24           2.49767e-19           1.06419e-16           3.7225e-14            2.7978                0               
441    1.87241e-13     6.14836e-19           2.0033e-15            9.30724e-14           7.24647e-13           2.59693               0               
442    4.3404e-23      8.00566e-35           1.10466e-28           2.13043e-25           1.89805e-22           2.80086               0               
443    5.72498e-22     7.86843e-35           1.19786e-27           4.97926e-24           2.50136e-21           2.79933               0               
444    3.93844e-32     1.28884e-47           6.22509e-38           1.47744e-33           1.70944e-31           2.78773               0               
445    1.50456e-25     3.79458e-27           6.53821e-25           1.06484e-27           2.82101e-40           0.434506              0               
446    6.18269e-68     1.33466e-92           1.41687e-74           1.39263e-67           1.31409e-67           1.89599               0               
447    1.26954e-17     2.53862e-17           3.01925e-17           4.00614e-22           8.03728e-37           0.28193               0               
448    4.36349e-62     1.07097e-87           5.08841e-70           1.0132e-62            1.80898e-61           2.70935               0               
449    8.11862e-25     1.14311e-25           3.4388e-24            1.14287e-27           1.98508e-42           0.424848              0               
450    6.39643e-28     6.04172e-31           2.60248e-27           1.9721e-28            2.95157e-37           0.477987              0               
451    7.51519e-58     1.34114e-81           3.29156e-66           2.35342e-59           3.26655e-57           2.79023               0               
452    8.34434e-59     1.50292e-80           6.98637e-65           1.16196e-58           2.49111e-58           2.24221               0               
453    4.64957e-68     1.72348e-99           1.01177e-79           8.86312e-71           2.03465e-67           2.80207               0               
454    0.0111539       0.0262119             0.00244288            3.85281e-05           6.31796e-10           0.0759174             0.053287        
455    2.17904e-21     1.23061e-32           1.49031e-26           2.29967e-23           9.51662e-21           2.79858               0               
456    1.11065e-07     2.42994e-08           1.96404e-07           2.41679e-07           2.38516e-08           0.835418              0               
457    7.22968e-18     2.94708e-24           1.53045e-19           1.3755e-17            1.77429e-17           2.02541               0               
458    3.50887e-21     7.92788e-32           1.57694e-25           1.83728e-22           1.51776e-20           2.78173               0               
459    0.017709        0.0422803             0.00523115            0.000137519           9.65418e-09           0.0853897             0.079066        
460    2.22108e-05     7.57485e-05           2.10901e-05           3.9816e-07            1.92277e-12           0.176077              0               
461    3.15117e-17     4.70208e-25           3.2102e-20            1.16377e-17           1.26285e-16           2.6536                0               
462    6.67663e-10     1.20061e-12           4.2215e-10            2.26359e-09           2.3603e-10            1.09488               0               
463    1.227e-37       2.44291e-49           3.2909e-40            5.29234e-37           7.60711e-39           1.06488               0               
464    8.36962e-07     2.40757e-09           1.37386e-07           8.65069e-07           2.65928e-06           2.29617               0               
465    2.21409e-42     1.10494e-55           3.35072e-45           9.64029e-42           4.94245e-44           1.04907               0               
466    5.26945e-25     2.8686e-28            2.19169e-24           1.14942e-25           2.17209e-34           0.465558              0               
467    1.28856e-59     8.18027e-76           3.31421e-63           5.58025e-59           6.06112e-61           1.05919               0               
468    1.88509e-54     5.3564e-72            2.23415e-58           8.17614e-54           7.63835e-56           1.05659               0               
469    3.75892e-55     4.21889e-70           1.15022e-57           1.64447e-54           3.41429e-60           1.03987               0               
470    6.04139e-67     2.05203e-104          3.0279e-82            7.63922e-72           2.64486e-66           2.80283               0               
471    2.09463e-57     1.38864e-75           1.15178e-61           9.08726e-57           8.27231e-59           1.05618               0               
472    7.66276e-35     1.84018e-42           1.14174e-35           3.24037e-34           1.40892e-38           1.01978               0               
473    7.87578e-23     9.54772e-25           3.30902e-22           1.29373e-23           2.02774e-31           0.457228              0               
474    5.84641e-06     3.26309e-08           1.57655e-06           7.59163e-06           1.63942e-05           2.13079               0               
475    8.44646e-27     1.89936e-32           1.92847e-27           3.50063e-26           4.30075e-29           1.0108                0               
476    2.72484e-17     1.13594e-21           5.16318e-18           8.22954e-17           3.1831e-17            1.48441               0               
477    0.00177366      0.000322525           0.00126414            0.00245636            0.0037219             1.74757               0               
478    0.00170726      0.000462306           0.00157665            0.00253089            0.00290439            1.53941               0               
479    0.0327724       0.0562213             0.0363836             0.0192329             0.00722407            0.429923              0.0646          
480    7.17672e-62     5.883e-94             1.59998e-74           1.80884e-65           3.14172e-61           2.80273               0               
481    6.9132e-30      1.48606e-35           2.78819e-30           2.7475e-29            2.11856e-33           0.984694              0               
482    6.39051e-07     3.89347e-09           1.71823e-07           8.81188e-07           1.7408e-06            2.09853               0               
483    5.25826e-54     2.19444e-77           2.20182e-63           8.69968e-57           2.30115e-53           2.80217               0               
484    1.9721e-45      7.85292e-65           1.06149e-49           8.62338e-45           1.01867e-47           1.04236               0               
485    8.41446e-55     4.96525e-71           2.6589e-58            3.68195e-54           1.55823e-57           1.04099               0               
486    1.59288e-28     5.19362e-33           6.84488e-28           1.28563e-29           1.79747e-40           0.446612              0               
487    1.34634e-07     4.4229e-07            1.46515e-07           6.10292e-10           6.04174e-18           0.183848              0               
488    1.28719e-30     3.77169e-36           4.85053e-30           7.84664e-31           7.44957e-40           0.519682              0               
489    1.51678e-07     6.63339e-07           6.91914e-10           1.36369e-16           1.72856e-35           0.0996653             0               
490    9.6693e-06      4.23288e-05           2.4745e-09            2.26073e-17           4.02974e-38           0.0993346             0               
491    0.0089699       0.0172955             0.000305694           2.32883e-07           3.51637e-16           0.0471375             0.057337        
492    0.00818597      0.00595685            1.0588e-06            3.09712e-13           2.39435e-30           0.0165209             0.079066        
493    0.00575477      0.00206713            2.60711e-08           9.13831e-17           5.36659e-38           0.00814914            0.061197        
494    0.00524931      0.00284336            1.56792e-07           5.54741e-15           1.00554e-34           0.0122909             0.053287        
495    0.0076668       0.0163452             0.000574945           1.43379e-06           4.6597e-14            0.0558679             0.04404         
496    0.00614358      0.00684004            7.32344e-06           4.83822e-11           7.55496e-25           0.0253758             0.053052        
