Note : P(D|M) is the probability of site D given the model M (i.e., the site likelihood)
P(D|M,rr[x]) is the probability of site D given the model M and the relative rate
of evolution rr[x], where x is the class of rate to be considered.
We have P(D|M) = \sum_x P(x) x P(D|M,rr[x]).


Site   P(D|M)          P(D|M,rr[1]=0.0898)   P(D|M,rr[2]=0.3961)   P(D|M,rr[3]=0.9492)   P(D|M,rr[4]=2.5649)   Posterior mean        P(D|M,rr[0]=0)  
1      0.0116676       0.0133984             1.71275e-05           1.92491e-10           7.19873e-23           0.0259336             0.099081        
2      0.00801832      0.00504399            4.86947e-07           4.89035e-14           3.51448e-32           0.0141328             0.079066        
3      2.42531e-44     2.96856e-57           1.41842e-46           1.06093e-43           4.22304e-48           1.03876               0               
4      6.29897e-42     1.71419e-52           1.06219e-42           2.653e-41             2.94963e-49           1.01618               0               
5      9.25896e-23     1.8644e-25            3.70887e-22           3.45092e-23           1.47963e-31           0.48514               0               
6      0.00868261      0.0160088             0.000211829           9.44391e-08           3.18975e-17           0.0438242             0.057337        
7      4.01433e-15     5.63307e-15           1.19437e-14           7.76261e-18           2.49101e-29           0.326584              0               
8      0.00145159      0.00143615            8.09201e-07           1.15652e-12           1.64381e-29           0.0222733             0.012937        
9      0.00196501      0.00393086            8.63345e-05           8.91917e-08           2.00332e-16           0.049285              0.012066        
10     0.00868261      0.0160088             0.000211829           9.44391e-08           3.18975e-17           0.0438242             0.057337        
11     5.81667e-08     2.54712e-07           8.2742e-11            5.12808e-18           1.37393e-35           0.0984802             0               
12     1.13957e-07     4.91372e-07           7.81006e-09           1.90585e-13           1.1752e-26            0.103619              0               
13     3.09652e-05     0.000135308           3.33262e-07           1.69132e-12           4.69376e-27           0.0991953             0               
14     2.41048e-17     3.06428e-17           7.49443e-17           2.36876e-21           6.39716e-37           0.336437              0               
15     3.13837e-10     1.36386e-09           1.08846e-11           4.34468e-18           3.36884e-35           0.101027              0               
16     1.64692e-21     3.52874e-22           6.85999e-21           1.36518e-24           9.23719e-39           0.417464              0               
17     2.12639e-22     4.22663e-23           8.8918e-22            5.6383e-27            2.47819e-46           0.418539              0               
18     1.4699e-08      6.42843e-08           1.03665e-10           4.60872e-17           1.2393e-34            0.0989112             0               
19     1.38418e-24     6.22822e-29           3.28297e-24           2.78029e-24           2.06818e-31           0.71151               0               
20     4.24455e-16     3.1558e-16            1.54285e-15           8.67241e-19           9.89961e-31           0.377112              0               
21     6.85366e-17     1.72608e-16           1.27609e-16           2.57461e-21           7.29144e-37           0.240935              0               
22     5.11087e-21     5.28576e-23           2.21724e-20           1.62574e-22           1.96687e-33           0.437361              0               
23     3.01897e-50     1.60264e-67           4.88337e-54           1.32182e-49           5.66159e-53           1.04023               0               
24     1.87035e-44     2.4009e-55            6.02882e-46           8.13264e-44           9.61902e-50           1.03504               0               
25     2.94482e-29     1.71291e-35           3.2853e-29            9.61428e-29           7.01011e-36           0.885226              0               
26     1.27864e-15     8.87645e-17           4.77504e-15           7.37181e-16           1.36252e-21           0.508165              0               
27     2.74048e-42     2.61245e-56           3.35041e-45           1.19946e-41           6.54633e-45           1.04029               0               
28     7.54982e-49     7.78944e-66           2.04178e-52           3.30603e-48           9.11908e-52           1.03995               0               
29     2.61836e-63     1.63215e-87           8.6665e-70            7.76508e-63           3.70446e-63           1.61095               0               
30     2.36252e-34     1.44788e-39           9.98001e-34           3.6883e-35            5.65649e-46           0.455342              0               
31     4.91463e-24     3.71771e-25           2.10374e-23           1.19051e-25           3.39818e-36           0.431312              0               
32     1.04281e-38     2.90396e-45           3.90928e-38           6.58681e-39           2.99959e-49           0.5211                0               
33     2.26499e-10     9.90479e-10           1.68443e-12           1.34644e-19           5.94814e-40           0.0989406             0               
34     0.00407322      0.00187301            5.16604e-08           4.73291e-16           1.45219e-37           0.0103278             0.041977        
35     0.00802178      0.00790043            4.85224e-06           1.24701e-11           2.72449e-26           0.0221772             0.071586        
36     8.61483e-12     3.72507e-11           4.85947e-13           5.11209e-19           5.61368e-35           0.10269               0               
37     3.00031e-09     1.31354e-08           7.24849e-12           2.36198e-19           9.80159e-38           0.0985562             0               
38     0.00223183      0.00127174            7.61159e-08           2.22489e-15           1.7951e-36            0.0127998             0.022355        
39     0.00407322      0.00187301            5.16604e-08           4.73291e-16           1.45219e-37           0.0103278             0.041977        
40     1.23292e-06     4.8754e-06            5.23726e-07           1.58601e-09           1.93801e-17           0.131171              0               
41     1.78356e-63     1.41379e-84           1.44114e-69           1.62434e-63           6.18841e-63           2.44095               0               
42     0.00649113      0.00212821            2.18864e-08           1.05932e-16           6.42327e-36           0.00736317            0.069147        
43     0.00407322      0.00187301            5.16604e-08           4.73291e-16           1.45219e-37           0.0103278             0.041977        
44     7.03835e-68     2.37181e-100          5.23648e-79           1.12629e-69           3.07184e-67           2.80234               0               
45     1.35466e-49     2.18666e-64           1.75627e-52           5.93198e-49           2.44639e-53           1.03939               0               
46     3.6074e-15      5.88273e-15           9.91339e-15           5.84694e-18           9.47477e-29           0.309122              0               
47     1.92132e-86     7.38256e-143          2.74809e-112          8.45643e-97           8.41622e-86           2.80881               0               
48     0.079066        0.079066              0.079066              0.079066              0.079066              1                     0.079066        
49     0.055941        0.055941              0.055941              0.055941              0.055941              1                     0.055941        
50     0.055941        0.055941              0.055941              0.055941              0.055941              1                     0.055941        
51     0.055941        0.055941              0.055941              0.055941              0.055941              1                     0.055941        
52     0.04404         0.04404               0.04404               0.04404               0.04404               1                     0.04404         
53     0.057337        0.057337              0.057337              0.057337              0.057337              1                     0.057337        
54     0.079066        0.079066              0.079066              0.079066              0.079066              1                     0.079066        
55     0.057337        0.057337              0.057337              0.057337              0.057337              1                     0.057337        
56     0.057337        0.057337              0.057337              0.057337              0.057337              1                     0.057337        
57     0.062157        0.062157              0.062157              0.062157              0.062157              1                     0.062157        
58     0.057337        0.057337              0.057337              0.057337              0.057337              1                     0.057337        
59     0.055941        0.055941              0.055941              0.055941              0.055941              1                     0.055941        
60     0.057337        0.057337              0.057337              0.057337              0.057337              1                     0.057337        
61     0.012937        0.012937              0.012937              0.012937              0.012937              1                     0.012937        
62     0.055941        0.055941              0.055941              0.055941              0.055941              1                     0.055941        
63     0.069147        0.069147              0.069147              0.069147              0.069147              1                     0.069147        
64     8.65005e-63     1.01465e-92           2.7836e-73            8.61498e-65           3.78048e-62           2.80479               0               
65     8.37302e-42     6.83757e-47           3.66203e-41           5.71347e-44           3.40435e-61           0.434697              0               
66     4.6769e-50      3.39551e-68           8.22906e-55           1.5407e-49            5.07978e-50           1.4782                0               
67     2.83897e-44     3.73375e-55           7.25908e-45           1.171e-43             1.69062e-52           1.00414               0               
68     1.39509e-73     6.28164e-113          1.43763e-88           1.51628e-77           6.11095e-73           2.80876               0               
69     9.52256e-32     9.90045e-36           3.69569e-31           4.755e-32             7.47381e-41           0.502797              0               
70     1.24518e-36     3.12778e-45           2.15078e-36           3.30364e-36           1.82104e-45           0.800642              0               
71     4.35179e-15     3.94838e-18           3.19162e-15           1.49039e-14           9.63253e-16           1.02729               0               
72     3.80228e-71     3.85992e-109          2.66884e-87           8.24133e-77           1.66556e-70           2.80881               0               
73     4.54051e-86     2.14042e-129          3.18982e-104          2.08578e-92           1.98894e-85           2.80881               0               
74     1.7285e-90      1.37901e-145          7.78192e-116          8.02792e-101          7.57159e-90           2.80881               0               
75     0.057337        0.057337              0.057337              0.057337              0.057337              1                     0.057337        
76     0.055941        0.055941              0.055941              0.055941              0.055941              1                     0.055941        
77     0.099081        0.099081              0.099081              0.099081              0.099081              1                     0.099081        
78     0.057337        0.057337              0.057337              0.057337              0.057337              1                     0.057337        
79     0.057337        0.057337              0.057337              0.057337              0.057337              1                     0.057337        
80     0.057337        0.057337              0.057337              0.057337              0.057337              1                     0.057337        
81     0.000942714     0.00012213            0.000513158           0.00112687            0.00236734            1.95069               0               
82     1.25016e-70     2.82443e-114          2.28695e-91           1.17231e-79           5.47624e-70           2.80881               0               
83     5.09285e-47     4.50795e-74           2.92678e-57           1.28464e-49           2.2296e-46            2.80779               0               
84     3.47328e-06     9.00867e-08           1.24567e-06           4.07536e-06           9.80336e-06           2.12438               0               
85     2.79816e-08     1.82485e-11           1.08752e-09           9.72005e-09           1.11746e-07           2.64702               0               
86     8.0858e-55      1.50455e-79           6.82069e-64           8.41071e-57           3.53352e-54           2.80461               0               
87     2.94724e-69     6.83349e-107          1.17548e-85           3.82001e-75           1.29102e-68           2.80881               0               
88     3.64564e-07     1.71434e-10           1.43051e-08           1.6248e-07            1.41999e-06           2.60723               0               
89     0.000431852     7.91011e-05           0.000304161           0.000575702           0.000932736           1.77514               0               
90     0.000930632     8.99696e-05           0.000425437           0.00106635            0.00249481            2.03831               0               
91     0.000360931     6.34195e-05           0.000243318           0.000471828           0.000802468           1.80655               0               
92     1.51092e-05     6.61276e-05           5.73155e-08           5.01439e-14           3.04039e-30           0.0986617             0               
93     7.19437e-33     9.014e-38             1.74975e-32           1.40169e-32           1.45073e-40           0.703173              0               
94     1.35244e-28     2.36047e-32           5.01753e-28           9.06491e-29           1.99387e-37           0.526428              0               
95     4.35957e-46     7.34669e-58           4.13613e-47           1.86832e-45           1.23107e-53           1.02638               0               
96     2.55651e-73     1.38307e-109          2.56726e-88           3.39753e-78           1.11986e-72           2.8088                0               
97     9.02358e-30     1.46025e-35           3.73469e-29           2.18027e-30           8.75372e-42           0.467166              0               
98     1.07811e-85     7.82106e-138          3.74511e-109          7.09563e-95           4.72257e-85           2.80881               0               
99     1.01597e-74     1.4073e-122           9.40874e-96           1.4231e-82            4.45037e-74           2.80881               0               
100    4.27727e-28     1.39752e-33           2.36442e-28           1.63715e-27           3.45706e-32           0.963088              0               
101    9.34671e-16     2.16223e-15           1.93173e-15           3.05539e-19           4.19434e-32           0.25668               0               
102    1.2902e-09      5.65031e-09           1.34668e-12           5.03314e-20           4.47421e-38           0.0984512             0               
103    5.98147e-06     2.62002e-05           1.24041e-09           1.5151e-17            2.46669e-36           0.0983871             0               
104    5.83695e-27     4.55723e-30           2.55317e-26           3.20409e-29           1.08904e-41           0.434453              0               
105    2.72766e-09     1.17141e-08           2.34173e-10           1.01948e-14           8.94449e-27           0.104945              0               
106    0.00727633      0.0147604             0.000358381           4.49898e-07           1.98943e-15           0.0504469             0.04404         
107    0.00790954      0.00456765            3.15317e-07           1.74814e-14           2.43804e-33           0.0129725             0.079066        
108    0.0048311       0.00506528            3.97207e-06           1.39425e-11           3.2127e-26            0.023627              0.042302        
109    0.057337        0.057337              0.057337              0.057337              0.057337              1                     0.057337        
110    0.057337        0.057337              0.057337              0.057337              0.057337              1                     0.057337        
111    0.04404         0.04404               0.04404               0.04404               0.04404               1                     0.04404         
112    0.055941        0.055941              0.055941              0.055941              0.055941              1                     0.055941        
113    0.061197        0.061197              0.061197              0.061197              0.061197              1                     0.061197        
114    0.055941        0.055941              0.055941              0.055941              0.055941              1                     0.055941        
115    0.04404         0.04404               0.04404               0.04404               0.04404               1                     0.04404         
116    0.057337        0.057337              0.057337              0.057337              0.057337              1                     0.057337        
117    0.057337        0.057337              0.057337              0.057337              0.057337              1                     0.057337        
118    0.04404         0.04404               0.04404               0.04404               0.04404               1                     0.04404         
119    0.079066        0.079066              0.079066              0.079066              0.079066              1                     0.079066        
120    0.079066        0.079066              0.079066              0.079066              0.079066              1                     0.079066        
121    0.04404         0.04404               0.04404               0.04404               0.04404               1                     0.04404         
122    0.04404         0.04404               0.04404               0.04404               0.04404               1                     0.04404         
123    0.061197        0.061197              0.061197              0.061197              0.061197              1                     0.061197        
124    0.099081        0.099081              0.099081              0.099081              0.099081              1                     0.099081        
125    0.053287        0.053287              0.053287              0.053287              0.053287              1                     0.053287        
126    0.061197        0.061197              0.061197              0.061197              0.061197              1                     0.061197        
127    0.055941        0.055941              0.055941              0.055941              0.055941              1                     0.055941        
128    0.057337        0.057337              0.057337              0.057337              0.057337              1                     0.057337        
129    0.055941        0.055941              0.055941              0.055941              0.055941              1                     0.055941        
130    0.061197        0.061197              0.061197              0.061197              0.061197              1                     0.061197        
131    0.069147        0.069147              0.069147              0.069147              0.069147              1                     0.069147        
132    0.00850963      0.0152899             0.000173069           5.83157e-08           8.82493e-18           0.0423657             0.057337        
133    8.94216e-07     3.91576e-06           1.28624e-09           1.95918e-16           1.08964e-34           0.0984814             0               
134    7.27465e-29     1.53602e-31           3.18457e-28           5.07882e-32           3.03923e-48           0.433689              0               
135    4.56246e-31     1.50627e-35           1.88352e-30           1.15016e-31           4.71532e-41           0.468612              0               
136    2.7183e-31      4.6849e-37            8.0962e-31            3.81111e-31           6.63996e-41           0.627631              0               
137    0.00802178      0.00790043            4.85224e-06           1.24701e-11           2.72449e-26           0.0221772             0.071586        
138    1.14722e-06     5.02528e-06           2.62876e-11           2.01528e-21           6.51175e-49           0.098373              0               
139    4.92113e-51     1.48919e-63           1.65964e-52           2.13907e-50           5.18129e-58           1.03483               0               
140    4.34384e-66     1.33185e-103          7.56904e-82           2.53957e-71           1.90279e-65           2.80881               0               
141    1.30367e-22     7.81872e-25           5.58481e-22           1.18023e-23           7.88971e-33           0.445814              0               
142    1.32709e-50     3.25368e-68           1.81983e-54           5.80976e-50           3.30457e-53           1.04048               0               
143    4.60446e-61     1.48954e-91           9.33214e-72           4.89848e-63           2.01205e-60           2.80451               0               
144    2.5418e-47      5.01972e-64           5.97192e-51           1.11262e-46           7.4043e-50            1.04064               0               
145    1.39304e-51     3.36264e-69           6.09349e-56           5.70612e-51           3.95933e-52           1.15429               0               
146    3.09902e-35     7.41203e-40           1.33652e-34           2.098e-36             2.62457e-48           0.443114              0               
147    5.14315e-50     1.04156e-63           5.98827e-52           2.24693e-49           1.88575e-56           1.03789               0               
148    1.96575e-28     6.39841e-32           8.60042e-28           9.79595e-31           1.7959e-44            0.434418              0               
149    1.49064e-07     6.52829e-07           1.37668e-10           4.15026e-18           1.97849e-36           0.098442              0               
150    0.00587338      0.00554247            2.8056e-06            4.94025e-12           2.71164e-27           0.021239              0.053052        
151    5.74235e-07     2.51519e-06           2.12527e-10           2.77179e-18           1.38785e-39           0.0983996             0               
152    0.00510823      0.00210416            3.9566e-08            2.08024e-16           3.46889e-38           0.00925115            0.053287        
153    0.00142659      0.00132688            5.70988e-07           5.02066e-13           1.74217e-30           0.0209269             0.012937        
154    0.00727633      0.0147604             0.000358381           4.49898e-07           1.98943e-15           0.0504469             0.04404         
155    1.09679e-09     3.50077e-09           1.29767e-09           5.96833e-12           4.68733e-20           0.190127              0               
156    0.00649285      0.00213574            2.22319e-08           1.10031e-16           7.14474e-36           0.00738726            0.069147        
157    5.352e-24       2.29367e-25           2.32141e-23           6.03766e-28           3.19321e-45           0.430488              0               
158    4.69839e-08     2.04896e-07           9.13251e-10           2.4793e-15            7.35203e-31           0.0998595             0               
159    0.00649113      0.00212821            2.18864e-08           1.05932e-16           6.42327e-36           0.00736317            0.069147        
160    0.00192628      0.00377531            7.22626e-05           5.82578e-08           6.36286e-17           0.0477353             0.012066        
161    1.17129e-47     4.6594e-57            6.30685e-48           4.50007e-47           9.25254e-57           0.965039              0               
162    2.17009e-38     1.28202e-44           8.48269e-38           1.02322e-38           1.25543e-50           0.498956              0               
163    2.84109e-13     1.23851e-12           6.0085e-15            1.5194e-21            1.60368e-38           0.0999905             0               
164    1.06704e-17     1.61766e-18           4.50367e-17           8.66339e-20           3.87358e-31           0.423269              0               
165    4.61493e-46     2.35467e-59           4.85634e-48           2.01668e-45           1.63196e-51           1.03804               0               
166    1.05023e-28     1.698e-31             4.59399e-28           4.7861e-31            7.74458e-46           0.43426               0               
167    1.67921e-45     1.14338e-58           1.28486e-47           7.34279e-45           2.31009e-50           1.03845               0               
168    3.78324e-57     4.55155e-81           5.88175e-64           3.62011e-57           1.29521e-56           2.42231               0               
169    2.64555e-51     3.07899e-66           2.79755e-54           1.15833e-50           2.53796e-54           1.03974               0               
170    2.02861e-57     2.46728e-88           2.60786e-69           1.34397e-60           8.88486e-57           2.80854               0               
171    4.85158e-55     1.39797e-70           3.17089e-58           2.12485e-54           3.97941e-59           1.03944               0               
172    3.43249e-06     1.50345e-05           1.27734e-09           1.67958e-17           8.51859e-39           0.0983997             0               
173    1.94158e-33     8.85314e-37           8.50086e-33           3.2121e-36            4.60735e-52           0.433948              0               
174    0.069147        0.069147              0.069147              0.069147              0.069147              1                     0.069147        
175    0.04404         0.04404               0.04404               0.04404               0.04404               1                     0.04404         
176    0.055941        0.055941              0.055941              0.055941              0.055941              1                     0.055941        
177    0.079066        0.079066              0.079066              0.079066              0.079066              1                     0.079066        
178    0.055941        0.055941              0.055941              0.055941              0.055941              1                     0.055941        
179    0.055941        0.055941              0.055941              0.055941              0.055941              1                     0.055941        
180    5.84368e-29     8.0136e-35            2.39924e-28           1.6054e-29            9.53756e-41           0.471744              0               
181    7.36656e-12     3.2194e-11            7.4778e-14            5.59628e-21           5.95527e-39           0.0991484             0               
182    0.00223183      0.00127174            7.61159e-08           2.22489e-15           1.7951e-36            0.0127998             0.022355        
183    1.49724e-05     6.2496e-05            3.08709e-06           2.44873e-09           9.56443e-19           0.114193              0               
184    5.70625e-06     2.49745e-05           2.138e-08             1.82942e-14           1.06035e-30           0.0986581             0               
185    1.73615e-35     2.75411e-43           2.12735e-36           7.39208e-35           2.93606e-39           1.02262               0               
186    1.23897e-73     6.77095e-108          1.07972e-85           4.91851e-76           5.4223e-73            2.8072                0               
187    0.00223183      0.00127174            7.61159e-08           2.22489e-15           1.7951e-36            0.0127998             0.022355        
188    0.00802178      0.00790043            4.85224e-06           1.24701e-11           2.72449e-26           0.0221772             0.071586        
189    0.00802178      0.00790043            4.85224e-06           1.24701e-11           2.72449e-26           0.0221772             0.071586        
190    5.81828e-15     2.20356e-14           3.45102e-15           4.19735e-21           3.77282e-40           0.143784              0               
191    4.41554e-40     4.4038e-53            2.06559e-41           1.91354e-39           6.0915e-47            1.03303               0               
192    7.64699e-06     3.3486e-05            1.11422e-08           1.7124e-15            8.55816e-34           0.0984828             0               
193    0.00510823      0.00210416            3.9566e-08            2.08024e-16           3.46889e-38           0.00925115            0.053287        
194    1.61099e-28     4.11485e-31           7.03384e-28           1.88766e-30           3.63991e-43           0.435179              0               
195    0.00564813      0.00145994            5.3736e-09            2.25269e-18           1.17521e-41           0.00580482            0.061197        
196    2.14683e-21     4.61219e-22           8.93581e-21           7.00563e-24           1.08672e-36           0.417756              0               
197    1.89071e-20     4.48114e-20           3.80088e-20           9.7744e-25            4.45194e-40           0.252298              0               
198    2.3079e-67      1.45464e-107          2.09228e-84           3.98673e-73           1.01096e-66           2.80881               0               
199    1.69419e-69     7.16088e-96           4.01065e-78           2.13652e-70           7.20765e-69           2.75787               0               
200    5.76458e-10     2.17729e-09           3.47775e-10           7.5617e-14            1.26975e-25           0.14459               0               
201    1.25245e-33     1.77157e-43           2.45266e-34           5.241e-33             1.59955e-39           1.01242               0               
202    3.24957e-29     1.50439e-33           1.41447e-28           8.96646e-31           3.24986e-43           0.437566              0               
203    6.04872e-29     4.07572e-32           2.64333e-28           5.86414e-31           4.68293e-43           0.435043              0               
204    7.24727e-18     2.83218e-17           3.42426e-18           1.03242e-22           2.25307e-36           0.13455               0               
205    4.7404e-43      3.17568e-53           1.39276e-43           1.93722e-42           4.9083e-51            0.998869              0               
206    7.58298e-41     1.15513e-51           6.01336e-41           2.72034e-40           3.67733e-52           0.929838              0               
207    4.76691e-81     3.67764e-129          7.52675e-102          1.14991e-88           2.08811e-80           2.80881               0               
208    6.0314e-17      1.18869e-17           2.52004e-16           3.1007e-19            5.52979e-31           0.419375              0               
209    4.50253e-09     1.96911e-08           3.19313e-11           1.40628e-17           3.20616e-35           0.0989142             0               
210    1.91818e-50     9.52857e-66           3.0963e-53            8.3993e-50            7.99576e-55           1.03929               0               
211    2.05516e-29     3.19878e-32           7.93098e-29           1.06831e-29           9.21839e-38           0.505518              0               
212    2.44927e-17     7.24668e-17           3.48216e-17           1.20208e-22           9.14863e-39           0.207224              0               
213    2.22987e-39     8.7646e-47            2.92602e-39           6.84179e-39           3.24915e-48           0.858043              0               
214    1.44423e-56     1.16036e-77           9.191e-62             6.17816e-56           1.48207e-57           1.08095               0               
215    5.95666e-08     2.50926e-07           1.00009e-08           1.03911e-12           7.72366e-25           0.11123               0               
216    3.72142e-20     2.78086e-20           1.35205e-19           1.03554e-24           1.33886e-40           0.376545              0               
217    2.96621e-29     3.45912e-34           8.4753e-29            4.51795e-29           6.86965e-37           0.644379              0               
218    6.09014e-61     1.52753e-80           7.76511e-66           2.52419e-60           1.43546e-61           1.1347                0               
219    9.93152e-11     3.57311e-13           5.34866e-11           2.94156e-10           8.70431e-11           1.31825               0               
220    7.02628e-49     1.26062e-65           1.31413e-53           1.42636e-48           1.65144e-48           1.98884               0               
221    5.6517e-06      2.00062e-06           1.11009e-05           1.02161e-05           1.43928e-06           0.794694              0               
222    4.89332e-08     1.12943e-10           8.1118e-09            5.80629e-08           1.48061e-07           2.23823               0               
223    7.04696e-05     2.73839e-05           0.000150462           0.000117386           1.34549e-05           0.737874              0               
224    0.031964        0.0524238             0.0386681             0.022411              0.00470028            0.417294              0.057337        
225    0.000380018     0.000413304           0.000791704           0.000436926           2.27061e-05           0.541873              0               
226    0.021813        0.0474971             0.0202052             0.00448827            7.8595e-05            0.19176               0.061197        
227    1.84818e-28     8.51769e-33           1.82269e-28           6.27294e-28           9.81479e-33           0.903132              0               
228    2.84974e-12     1.65062e-15           8.03036e-13           7.52484e-12           4.15357e-12           1.58912               0               
229    4.01513e-08     1.95526e-09           3.25774e-08           9.54947e-08           4.58527e-08           1.3781                0               
230    9.02752e-58     1.61131e-77           1.29557e-62           3.92665e-57           2.77739e-59           1.05192               0               
231    1.19773e-49     1.19515e-69           9.00392e-55           4.58572e-49           6.60823e-50           1.26235               0               
232    1.28869e-55     3.33182e-78           5.14642e-62           1.73539e-55           3.90963e-55           2.26489               0               
233    4.37184e-39     5.92155e-49           3.11267e-40           1.88393e-38           3.73341e-44           1.02966               0               
234    2.25214e-19     5.6869e-21            9.73406e-19           7.44332e-21           2.37056e-31           0.436391              0               
235    5.38817e-46     4.31197e-61           2.05933e-48           2.35819e-45           1.27298e-52           1.03897               0               
236    1.59512e-74     2.31195e-115          6.78003e-91           1.55824e-79           6.98731e-74           2.8088                0               
237    4.20217e-26     1.33834e-28           1.82277e-25           1.66201e-27           1.21475e-38           0.438979              0               
238    3.52803e-11     1.08369e-10           4.61648e-11           9.33812e-15           3.03955e-27           0.198613              0               
239    0.000370892     6.6482e-05            0.000253475           0.000487564           0.000817145           1.79638               0               
240    5.68236e-66     3.30066e-93           3.00884e-74           1.70999e-66           2.31812e-65           2.68726               0               
241    0.04404         0.04404               0.04404               0.04404               0.04404               1                     0.04404         
242    4.31475e-74     1.8411e-98            2.17573e-80           1.59566e-73           2.94388e-74           1.31508               0               
243    5.94122e-22     5.63982e-22           2.03842e-21           1.12732e-25           9.27949e-41           0.361101              0               
244    1.49127e-68     2.365e-92             4.51054e-74           6.5217e-68            1.0718e-70            1.0424                0               
245    4.37772e-22     1.76909e-21           1.48545e-22           7.64579e-29           1.06926e-47           0.124351              0               
246    2.14443e-69     1.43935e-103          2.39166e-82           7.61139e-73           9.39278e-69           2.80867               0               
247    2.98559e-26     1.14646e-29           7.44722e-26           5.62981e-26           4.76352e-32           0.694482              0               
248    2.56201e-05     0.000111824           4.03599e-07           3.63903e-12           2.55404e-26           0.0995774             0               
249    3.6913e-17      6.32737e-17           9.83913e-17           2.99694e-20           8.47131e-33           0.302626              0               
250    0.00727633      0.0147604             0.000358381           4.49898e-07           1.98943e-15           0.0504469             0.04404         
251    8.90289e-31     7.87266e-37           9.37363e-31           2.96249e-30           1.38869e-37           0.893902              0               
252    1.20541e-73     1.94856e-102          6.5558e-83            8.21435e-75           5.19809e-73           2.78128               0               
253    4.63785e-51     3.38679e-59           1.38212e-51           1.89337e-50           4.85266e-57           0.998289              0               
254    2.78521e-06     1.2138e-05            6.24213e-08           1.41022e-12           7.54572e-25           0.100087              0               
255    0.057337        0.057337              0.057337              0.057337              0.057337              1                     0.057337        
256    0.061197        0.061197              0.061197              0.061197              0.061197              1                     0.061197        
257    1.19552e-74     2.95769e-117          6.09978e-93           4.12153e-81           5.2369e-74            2.80881               0               
258    9.14512e-56     1.90841e-74           4.14225e-60           3.95076e-55           5.51578e-57           1.06385               0               
259    2.01984e-30     1.78856e-35           8.67845e-30           1.69325e-31           4.77558e-43           0.445346              0               
260    0.00850963      0.0152899             0.000173069           5.83157e-08           8.82493e-18           0.0423657             0.057337        
261    3.92689e-36     1.197e-43             5.244e-36             1.19575e-35           8.67547e-44           0.854832              0               
262    2.55467e-05     0.000111872           3.3805e-08            4.40753e-15           1.43586e-33           0.0984726             0               
263    9.97191e-06     4.36756e-05           5.68869e-09           1.39868e-16           1.35358e-37           0.0984149             0               
264    3.27252e-06     1.4334e-05            1.046e-09             8.86293e-18           4.92503e-40           0.0983957             0               
265    3.58731e-06     1.57125e-05           1.51238e-09           2.39251e-17           1.52823e-38           0.0984035             0               
266    7.29288e-06     3.19428e-05           3.15112e-09           5.10485e-17           3.20906e-38           0.0984043             0               
267    5.53012e-07     2.42242e-06           1.40043e-11           1.3114e-21            6.43806e-49           0.0983732             0               
268    1.58174e-18     3.2367e-19            6.57278e-18           3.22451e-20           4.49231e-30           0.420906              0               
269    1.72047e-09     7.39943e-09           1.36957e-10           7.95727e-16           3.64417e-31           0.104466              0               
270    1.57493e-35     3.99462e-45           5.86684e-37           6.83989e-35           3.25864e-39           1.03443               0               
271    6.44608e-10     2.61746e-09           2.06195e-10           1.16725e-14           8.84784e-28           0.122866              0               
272    1.62028e-09     7.0944e-09            3.10812e-12           1.22288e-19           2.16601e-40           0.0985181             0               
273    4.51533e-43     2.42824e-54           9.03822e-45           1.96886e-42           9.00846e-48           1.03674               0               
274    0.057337        0.057337              0.057337              0.057337              0.057337              1                     0.057337        
275    0.057337        0.057337              0.057337              0.057337              0.057337              1                     0.057337        
276    0.057337        0.057337              0.057337              0.057337              0.057337              1                     0.057337        
277    0.057337        0.057337              0.057337              0.057337              0.057337              1                     0.057337        
278    0.099081        0.099081              0.099081              0.099081              0.099081              1                     0.099081        
279    0.079066        0.079066              0.079066              0.079066              0.079066              1                     0.079066        
280    0.042302        0.042302              0.042302              0.042302              0.042302              1                     0.042302        
281    0.055941        0.055941              0.055941              0.055941              0.055941              1                     0.055941        
282    0.034155        0.034155              0.034155              0.034155              0.034155              1                     0.034155        
283    0.042302        0.042302              0.042302              0.042302              0.042302              1                     0.042302        
284    0.04404         0.04404               0.04404               0.04404               0.04404               1                     0.04404         
285    0.041977        0.041977              0.041977              0.041977              0.041977              1                     0.041977        
286    0.057337        0.057337              0.057337              0.057337              0.057337              1                     0.057337        
287    3.57291e-43     3.48158e-52           8.7253e-44            1.47784e-42           1.54947e-49           1.00573               0               
288    2.51698e-21     3.45719e-21           7.56821e-21           7.09979e-26           4.15308e-41           0.328594              0               
289    5.1586e-15      2.77219e-16           2.11442e-14           1.17551e-15           5.49616e-23           0.461151              0               
290    5.58815e-26     2.68261e-30           2.26674e-25           1.81081e-26           8.11846e-37           0.478561              0               
291    6.04233e-24     2.21828e-26           2.53639e-23           1.08194e-24           3.25982e-33           0.458234              0               
292    5.70157e-32     3.14272e-38           5.76311e-32           1.92122e-31           4.91313e-38           0.899722              0               
293    1.80228e-12     6.25364e-12           1.64094e-12           1.65576e-16           2.31076e-29           0.168101              0               
294    6.24922e-36     5.15976e-44           3.03648e-36           2.43378e-35           1.15512e-42           0.972306              0               
295    1.19072e-42     2.09407e-50           2.67698e-42           2.53889e-42           4.76537e-53           0.728607              0               
296    8.91239e-25     4.1098e-25            3.49303e-24           3.99129e-30           7.48964e-52           0.398448              0               
297    4.52607e-30     1.47287e-35           1.95916e-29           2.34513e-31           1.00981e-45           0.440919              0               
298    2.91715e-61     2.99443e-86           5.77439e-68           8.60465e-61           4.17372e-61           1.6174                0               
299    5.26823e-32     3.80136e-37           1.80853e-31           4.99175e-32           1.53306e-41           0.56478               0               
300    2.23685e-38     1.98211e-52           2.35374e-41           9.78564e-38           1.03733e-40           1.04123               0               
301    0.00880048      0.0164959             0.000241112           1.27343e-07           6.51608e-17           0.0448103             0.057337        
302    4.12117e-15     2.75442e-15           1.50267e-14           2.71348e-16           1.39395e-23           0.391687              0               
303    2.87225e-56     2.08037e-73           7.16775e-60           1.25775e-55           3.5139e-59            1.03996               0               
304    6.15403e-67     6.91699e-99           4.13978e-79           4.19168e-70           2.69531e-66           2.80853               0               
305    2.72305e-40     1.33843e-51           7.99504e-42           1.18481e-39           5.39711e-45           1.03545               0               
306    9.70536e-59     1.69801e-81           1.66413e-64           4.17857e-58           7.27982e-60           1.06979               0               
307    3.06647e-75     4.97094e-124          5.11609e-97           1.4669e-83            1.34325e-74           2.80881               0               
308    6.68574e-18     1.56973e-17           1.35888e-17           2.61131e-22           3.15139e-39           0.253997              0               
309    4.83428e-21     2.26347e-23           2.06235e-20           5.30096e-22           1.04473e-31           0.448559              0               
310    3.0071e-54      2.88823e-72           1.39442e-57           1.3171e-53            1.21216e-59           1.03944               0               
311    2.84223e-40     8.16362e-50           1.37933e-40           1.10709e-39           1.33737e-48           0.972389              0               
312    2.41218e-28     1.12709e-31           1.01369e-27           4.28293e-29           2.08682e-39           0.458271              0               
313    4.59419e-15     1.4619e-14            5.50537e-15           1.66265e-19           1.38597e-34           0.190128              0               
314    0.00516088      0.00233474            6.18617e-08           5.74066e-16           3.12545e-37           0.0101605             0.053287        
315    0.00579785      0.00175058            1.33939e-08           4.08422e-17           1.53993e-36           0.00678079            0.062157        
316    5.14542e-06     2.24941e-05           4.50135e-08           1.0504e-13            1.42477e-30           0.0990411             0               
317    6.64196e-18     1.45905e-17           1.45014e-17           2.76289e-21           6.14302e-34           0.265623              0               
318    4.82889e-06     2.1145e-05            7.5883e-09            1.30542e-15           7.41831e-34           0.0984916             0               
319    6.02006e-07     2.63672e-06           3.22531e-10           7.43334e-18           1.1001e-38            0.0984123             0               
320    1.92332e-06     8.42432e-06           6.44672e-10           6.02317e-18           5.50966e-40           0.0983969             0               
321    3.35965e-27     1.7759e-29            1.44278e-26           2.71182e-28           3.27328e-38           0.444511              0               
322    1.41772e-06     6.19375e-06           1.64689e-08           9.04124e-14           2.27445e-28           0.0992607             0               
323    5.01791e-06     2.19787e-05           1.89256e-09           2.13762e-17           2.41488e-39           0.0984001             0               
324    7.23618e-09     3.12951e-08           4.02498e-10           6.36098e-15           7.01526e-29           0.10263               0               
325    0.0079299       0.00465681            3.43442e-07           2.14723e-14           4.27814e-33           0.0131921             0.079066        
326    1.19757e-31     6.79395e-36           5.23466e-31           1.11431e-33           4.37412e-49           0.435036              0               
327    6.05912e-58     2.45589e-79           8.98273e-64           1.38869e-57           1.26547e-57           1.88308               0               
328    1.94437e-51     6.23521e-69           1.62769e-55           8.42119e-51           9.58392e-53           1.0594                0               
329    4.53897e-25     2.32638e-27           1.98422e-24           1.71355e-27           1.5621e-41            0.433884              0               
330    3.84655e-13     8.25373e-17           1.15816e-13           1.33368e-12           2.3538e-13            1.24498               0               
331    4.93727e-15     7.86868e-20           2.07997e-16           6.37759e-15           1.50417e-14           2.26421               0               
332    2.95135e-15     5.21926e-20           3.66947e-16           9.45945e-15           3.10173e-15           1.44679               0               
333    1.3996e-14      1.15767e-18           2.2149e-15            3.85668e-14           2.05254e-14           1.60994               0               
334    2.02222e-08     9.99058e-09           5.07879e-08           2.74871e-08           3.1628e-10            0.592372              0               
335    1.39706e-07     7.98312e-08           3.69168e-07           1.61957e-07           1.01721e-09           0.55426               0               
336    4.93436e-18     7.70577e-23           4.69783e-19           1.2266e-17            8.87874e-18           1.75312               0               
337    7.3958e-08      1.40493e-08           1.2321e-07            1.67878e-07           1.88304e-08           0.87115               0               
338    1.56712e-25     8.87833e-39           5.6955e-31            3.47863e-27           6.82988e-25           2.79984               0               
339    0.0116228       0.026117              0.00150395            1.07565e-05           3.80921e-11           0.0634944             0.061197        
340    1.74125e-21     3.93889e-33           2.2062e-26            5.07911e-23           7.57659e-21           2.79702               0               
341    3.40815e-06     2.30562e-06           9.21587e-06           3.38854e-06           1.91234e-08           0.522489              0               
342    4.53601e-05     6.58023e-05           0.000101738           3.09892e-05           1.67611e-07           0.419162              0               
343    3.31567e-16     4.26915e-21           3.16917e-17           9.52626e-16           4.68086e-16           1.5965                0               
344    3.28411e-16     6.83948e-23           2.47052e-18           2.4382e-16            1.19229e-15           2.50486               0               
345    9.50112e-05     0.000204152           0.000183484           2.84862e-05           6.75158e-08           0.311085              0               
346    8.95873e-07     5.09544e-07           2.36824e-06           1.04079e-06           5.73203e-09           0.55433               0               
347    8.48102e-13     3.87905e-18           1.24371e-14           5.36474e-13           3.16614e-12           2.54536               0               
348    0.0195204       0.0465354             0.0108934             0.000844424           7.96517e-07           0.119087              0.071586        
349    0.00902399      0.0215066             0.00246143            5.18468e-05           1.1039e-09            0.081894              0.040767        
350    0.000392779     7.69444e-05           0.000296925           0.000561597           0.000785074           1.7002                0               
351    0.000268201     2.92623e-05           0.000131483           0.000312791           0.000701301           2.00443               0               
352    3.19681e-46     4.62638e-58           1.13906e-47           1.38895e-45           6.73138e-52           1.03457               0               
353    4.98147e-50     6.07425e-74           1.02417e-57           7.8243e-51            2.10385e-49           2.74537               0               
354    3.66366e-65     6.08033e-99           5.87888e-78           1.76227e-68           1.60466e-64           2.80861               0               
355    3.00674e-63     9.86301e-94           6.96232e-75           2.326e-66             1.31685e-62           2.8085                0               
356    4.15353e-46     4.51166e-65           1.28403e-52           3.3075e-47            1.78635e-45           2.77664               0               
357    1.84604e-50     1.20793e-75           5.0591e-61            4.05606e-54           8.08605e-50           2.80872               0               
358    2.57851e-40     1.82896e-52           3.32446e-43           9.1935e-40            2.09815e-40           1.36799               0               
359    2.48258e-44     8.86674e-68           3.04399e-54           9.24018e-48           1.08738e-43           2.80866               0               
360    2.27735e-21     1.55006e-26           5.0954e-22            9.05443e-21           4.11809e-22           1.0816                0               
361    9.37952e-35     3.61715e-54           9.891e-43             1.68001e-37           4.10696e-34           2.80808               0               
362    1.55937e-24     1.30132e-32           1.44617e-26           3.13383e-24           3.68241e-24           1.99204               0               
363    4.16566e-22     7.53024e-32           1.35376e-25           7.8963e-23            1.74564e-21           2.73207               0               
364    3.12167e-19     1.63633e-26           1.51543e-21           1.98767e-19           1.16715e-18           2.54899               0               
365    0.057337        0.057337              0.057337              0.057337              0.057337              1                     0.057337        
366    6.21574e-07     2.48469e-07           1.47788e-06           9.8026e-07            1.61598e-08           0.635327              0               
367    7.21163e-11     2.27364e-11           2.24236e-10           6.88729e-11           5.49573e-14           0.542093              0               
368    0.0126305       0.0294896             0.00252233            3.38041e-05           3.56535e-10           0.0728422             0.061197        
369    2.44138e-11     3.00929e-14           1.22412e-11           8.10058e-11           1.36658e-11           1.19599               0               
370    3.60085e-24     6.0389e-35            1.72533e-28           2.03292e-25           1.55698e-23           2.78598               0               
371    4.74516e-13     4.88665e-15           8.58287e-13           1.21313e-12           2.28368e-15           0.789106              0               
372    0.0195204       0.0465354             0.0108934             0.000844424           7.96517e-07           0.119087              0.071586        
373    3.8389e-10      3.92049e-11           7.86839e-10           8.39513e-10           1.60453e-11           0.751005              0               
374    1.70823e-21     1.1876e-29            1.96046e-24           4.8755e-22            6.99329e-21           2.6929                0               
375    8.1882e-20      8.71639e-28           3.853e-22             9.32668e-20           2.65027e-19           2.34619               0               
376    3.14725e-08     2.65838e-09           5.95651e-08           7.39859e-08           1.65388e-09           0.780859              0               
377    0.0201857       0.0442931             0.0184357             0.00383707            4.33022e-05           0.186198              0.057337        
378    3.43698e-20     4.88973e-30           3.91451e-24           2.73721e-21           1.47814e-19           2.77658               0               
379    1.41981e-16     1.49239e-23           1.46435e-18           1.88565e-16           4.31909e-16           2.26678               0               
380    1.43997e-23     5.33614e-38           4.3946e-30            5.20597e-26           6.30249e-23           2.80735               0               
381    1.32039e-19     1.78921e-28           1.05236e-22           4.27942e-20           5.35486e-19           2.67747               0               
382    6.89236e-21     1.86092e-31           5.25981e-25           5.89987e-22           2.9601e-20            2.77419               0               
383    1.08182e-26     5.18258e-44           3.78369e-35           2.48653e-30           4.73857e-26           2.80872               0               
384    4.88427e-26     1.06102e-44           3.03878e-35           4.55693e-30           2.13947e-25           2.80877               0               
385    1.56134e-12     5.66667e-17           4.68897e-14           1.08314e-12           5.70924e-12           2.5123                0               
386    0.000736338     0.000195729           0.000692745           0.00113901            0.00119799            1.50944               0               
387    0.00123065      0.000217231           0.000845032           0.00164426            0.00268424            1.78762               0               
388    0.00329258      0.000814867           0.00288366            0.00482923            0.00589518            1.5884                0               
389    0.069147        0.069147              0.069147              0.069147              0.069147              1                     0.069147        
390    2.56225e-26     1.54874e-40           3.35996e-32           3.46391e-28           1.11891e-25           2.80335               0               
391    1.18994e-25     6.92332e-34           2.13173e-28           4.46464e-26           4.76385e-25           2.65629               0               
392    4.04657e-29     3.81068e-44           6.15336e-36           6.63466e-32           1.77191e-28           2.80815               0               
393    3.77622e-17     5.69592e-23           1.65395e-18           9.25732e-17           7.11873e-17           1.79488               0               
394    3.73645e-42     7.86072e-57           3.00865e-45           1.63453e-41           1.89083e-44           1.04143               0               
395    7.45481e-06     3.25572e-05           9.81232e-08           6.86767e-13           3.43428e-27           0.099379              0               
396    6.27754e-45     3.8672e-59            9.8613e-48            2.74832e-44           5.27149e-48           1.03962               0               
397    3.12215e-38     1.08159e-46           4.54811e-38           9.12825e-38           1.1461e-47            0.838056              0               
398    6.16767e-29     6.30941e-36           4.2655e-29            2.27515e-28           1.39959e-34           0.943863              0               
399    3.14939e-16     7.89354e-16           5.9021e-16            4.64487e-21           2.93137e-36           0.241859              0               
400    3.33812e-25     1.08771e-27           1.46007e-24           1.08011e-27           1.81112e-40           0.433952              0               
401    0.0088244       0.0165942             0.000247541           1.35692e-07           7.76876e-17           0.0450115             0.057337        
402    0.0088244       0.0165942             0.000247541           1.35692e-07           7.76876e-17           0.0450115             0.057337        
403    8.75259e-35     6.25086e-45           2.23178e-36           3.81138e-34           3.15251e-38           1.03612               0               
404    1.47807e-10     6.38807e-10           8.65056e-12           2.08143e-17           1.89431e-34           0.102852              0               
405    1.43631e-06     6.29147e-06           1.93246e-10           5.49497e-19           6.03589e-41           0.0983815             0               
406    1.43631e-06     6.29147e-06           1.93246e-10           5.49497e-19           6.03589e-41           0.0983815             0               
407    3.19704e-06     1.40016e-05           2.82219e-09           1.45867e-16           8.66095e-37           0.0984388             0               
408    1.17281e-05     5.13696e-05           4.60565e-09           6.66541e-17           4.34212e-38           0.0984013             0               
409    3.1504e-43      1.70716e-51           4.04822e-43           9.75189e-43           1.50892e-52           0.861805              0               
410    2.45004e-17     9.43981e-17           1.2924e-17            5.36254e-23           3.60935e-41           0.138759              0               
411    8.61289e-11     3.38678e-10           3.85977e-11           5.72669e-15           2.42286e-26           0.132697              0               
412    0.00196151      0.000116766           0.000856311           0.00255392            0.00506525            2.00937               0               
413    4.98315e-39     2.94125e-45           8.74948e-39           1.30789e-38           1.56076e-46           0.796697              0               
414    2.911e-15       9.01643e-15           3.73429e-15           7.08884e-19           3.81276e-31           0.196641              0               
415    3.62263e-17     1.54666e-16           4.02117e-18           2.68693e-24           8.29299e-41           0.10687               0               
416    5.0595e-38      1.79137e-48           2.87981e-39           2.18748e-37           1.69732e-43           1.03163               0               
417    1.16136e-65     5.28516e-92           8.74203e-75           4.06682e-67           5.04657e-65           2.79466               0               
418    1.14855e-07     4.39598e-10           2.42942e-08           1.34422e-07           3.4396e-07            2.21903               0               
419    2.10616e-75     2.75567e-112          1.96301e-89           5.76429e-79           9.2253e-75            2.8087                0               
420    3.17732e-51     1.33008e-69           1.01888e-55           1.36177e-50           3.00276e-52           1.07767               0               
421    1.78885e-39     2.77265e-50           9.80242e-42           7.77221e-39           5.3925e-41            1.05092               0               
422    3.89767e-46     1.42789e-60           2.43665e-48           1.7049e-45            7.48937e-51           1.03864               0               
423    0.0646          0.0646                0.0646                0.0646                0.0646                1                     0.0646          
424    0.053052        0.053052              0.053052              0.053052              0.053052              1                     0.053052        
425    0.022355        0.022355              0.022355              0.022355              0.022355              1                     0.022355        
426    2.48986e-48     2.30002e-63           3.00609e-52           7.67339e-48           3.23297e-48           1.56394               0               
427    2.34651e-43     8.36001e-55           8.55149e-45           1.01932e-42           1.2412e-48            1.03446               0               
428    1.1637e-27      1.03365e-35           1.93698e-28           4.9038e-27            1.51716e-32           1.01649               0               
429    3.12901e-17     1.14574e-16           2.24892e-17           1.03954e-21           3.13087e-36           0.153407              0               
430    1.39942e-24     7.3334e-29            6.0958e-24            3.41942e-26           1.78094e-38           0.437129              0               
431    4.02804e-23     1.14638e-24           1.74405e-22           8.9347e-25            6.77718e-36           0.434642              0               
432    2.86111e-65     3.60987e-90           2.15014e-72           3.79692e-65           8.73599e-65           2.27279               0               
433    8.47832e-55     3.05035e-71           3.43215e-58           3.71277e-54           7.61955e-58           1.03981               0               
434    2.99837e-67     3.11798e-105          2.0773e-82            7.13999e-72           1.31341e-66           2.8088                0               
435    5.81996e-30     6.73615e-32           2.49717e-29           4.54919e-31           3.75162e-41           0.443677              0               
436    1.9808e-20      7.93625e-21           7.88292e-20           2.04909e-24           6.73969e-39           0.403092              0               
437    2.49644e-62     3.31132e-93           7.69581e-75           3.70209e-66           1.09351e-61           2.80875               0               
438    4.6825e-63      1.08004e-92           4.73268e-75           8.15002e-67           2.05106e-62           2.80874               0               
439    2.67514e-63     5.29999e-95           1.30466e-75           1.14733e-66           1.17171e-62           2.80864               0               
440    4.26366e-14     5.46239e-22           5.8574e-18            1.15768e-15           1.85603e-13           2.79777               0               
441    1.75165e-13     6.05378e-19           2.00925e-15           9.23082e-14           6.72982e-13           2.58973               0               
442    1.90905e-23     4.47236e-37           3.43207e-30           2.14941e-26           8.36031e-23           2.80835               0               
443    1.78724e-22     7.85321e-35           4.10022e-28           1.27787e-24           7.81609e-22           2.80592               0               
444    1.7009e-31      3.23978e-46           1.15912e-36           1.72883e-32           7.27779e-31           2.76775               0               
445    7.59044e-26     1.77849e-27           3.30206e-25           5.09458e-28           8.41185e-41           0.432888              0               
446    6.85339e-68     1.1917e-91            4.96685e-74           2.26561e-67           7.3647e-68            1.47355               0               
447    1.11925e-17     2.43398e-17           2.46881e-17           2.32449e-22           2.43442e-37           0.267258              0               
448    1.72921e-62     4.55225e-88           3.19185e-70           6.33438e-63           6.94127e-62           2.66085               0               
449    7.55275e-25     1.19521e-25           3.18814e-24           7.67754e-28           4.90199e-43           0.421778              0               
450    6.90684e-28     7.1228e-31            2.85304e-27           1.71737e-28           1.31559e-37           0.468059              0               
451    8.45384e-58     2.36692e-81           8.07468e-66           5.89515e-59           3.6442e-57            2.78064               0               
452    9.83553e-59     2.96642e-80           1.41952e-64           1.9825e-58            2.32588e-58           1.99466               0               
453    6.87515e-68     3.3134e-99            2.358e-79             2.03926e-70           3.00958e-67           2.80761               0               
454    0.0111222       0.0260684             0.00234526            3.43195e-05           4.63136e-10           0.0742471             0.053287        
455    2.10778e-21     1.05655e-32           1.37813e-26           2.21717e-23           9.21082e-21           2.80456               0               
456    1.12117e-07     2.49518e-08           2.01428e-07           2.42624e-07           2.21176e-08           0.822924              0               
457    2.33966e-17     1.79352e-22           2.05661e-18           7.04548e-17           2.99757e-17           1.54483               0               
458    3.94161e-21     1.27102e-31           2.73654e-25           2.81921e-22           1.69837e-20           2.77988               0               
459    0.0176527       0.0420761             0.00504698            0.000124298           7.38216e-09           0.0835088             0.079066        
460    2.21956e-05     7.63309e-05           2.05386e-05           3.56884e-07           1.348e-12             0.172674              0               
461    3.48213e-17     5.12342e-25           3.56165e-20           1.38489e-17           1.38648e-16           2.64761               0               
462    6.96088e-10     1.29514e-12           4.57799e-10           2.37288e-09           2.17197e-10           1.07418               0               
463    6.80074e-38     1.07529e-49           1.67812e-40           2.93757e-37           3.97747e-39           1.06278               0               
464    8.65432e-07     2.57245e-09           1.47191e-07           9.12097e-07           2.7291e-06            2.28906               0               
465    6.96542e-42     3.1062e-55            1.06793e-44           3.04144e-41           8.65037e-44           1.0443                0               
466    4.70375e-25     2.75346e-28           1.9769e-24            8.32727e-26           9.26827e-35           0.45819               0               
467    5.47934e-60     8.66042e-77           1.08489e-63           2.38089e-59           1.9184e-61            1.05361               0               
468    1.26668e-54     3.47417e-72           1.59154e-58           5.50879e-54           3.96488e-56           1.05212               0               
469    1.09627e-54     1.67572e-69           4.41767e-57           4.79771e-54           4.30483e-60           1.03894               0               
470    6.28089e-67     4.24531e-104          6.73068e-82           1.44708e-71           2.75129e-66           2.8088                0               
471    8.57599e-57     7.78403e-75           6.19106e-61           3.74129e-56           1.53041e-58           1.0467                0               
472    7.68037e-35     2.14842e-42           1.3158e-35            3.23267e-34           8.6162e-39            1.01585               0               
473    1.04065e-22     1.49219e-24           4.4178e-22            1.25766e-23           1.01907e-31           0.449368              0               
474    5.79149e-06     3.81606e-08           1.78222e-06           8.03441e-06           1.55144e-05           2.07754               0               
475    1.07419e-26     2.67633e-32           2.70095e-27           4.4316e-26            3.7111e-29            1.00612               0               
476    1.62166e-17     4.56706e-22           2.27884e-18           4.23231e-17           2.64333e-17           1.67844               0               
477    0.00178505      0.000324864           0.00127832            0.00248199            0.00373413            1.74631               0               
478    0.00171269      0.000465503           0.0015909             0.00254606            0.00289987            1.53654               0               
479    0.0326268       0.0561637             0.0361321             0.0189417             0.00710607            0.425742              0.0646          
480    1.45494e-61     7.54093e-92           6.8445e-73            2.17465e-64           6.3711e-61            2.8082                0               
481    7.04689e-30     1.76654e-35           3.23457e-30           2.76325e-29           1.3193e-33            0.9761                0               
482    6.31012e-07     3.5762e-09            1.62549e-07           8.55994e-07           1.74199e-06           2.11771               0               
483    1.00869e-53     5.62185e-77           6.08125e-63           2.2843e-56            4.41621e-53           2.80789               0               
484    5.88895e-46     3.3554e-66            1.83848e-50           2.5761e-45            3.49888e-48           1.04189               0               
485    2.01315e-54     3.05709e-70           1.1438e-57            8.81609e-54           1.21936e-57           1.03966               0               
486    2.51391e-28     9.73584e-33           1.08862e-27           1.25702e-29           7.11003e-41           0.440666              0               
487    1.23334e-07     4.11966e-07           1.27834e-07           4.55363e-10           2.76378e-18           0.178522              0               
488    5.47412e-31     1.82724e-36           2.13734e-30           2.60563e-31           1.54453e-40           0.499576              0               
489    1.52992e-07     6.69587e-07           5.85442e-10           7.89593e-17           3.66862e-36           0.0986642             0               
490    9.4927e-06      4.15801e-05           1.97623e-09           1.18406e-17           8.01559e-39           0.0983872             0               
491    0.00893584      0.0170509             0.000278924           1.80354e-07           1.65582e-16           0.0459469             0.057337        
492    0.00818571      0.00577686            8.71173e-07           1.82383e-13           6.04857e-31           0.015859              0.079066        
493    0.00576816      0.00198571            2.02169e-08           4.62265e-17           1.03262e-38           0.00773126            0.061197        
494    0.00525481      0.00274615            1.25607e-07           3.02823e-15           2.02704e-35           0.0117383             0.053287        
495    0.00763437      0.0161537             0.000532782           1.15741e-06           2.44096e-14           0.0544635             0.04404         
496    0.0061329       0.0066758             6.27528e-06           3.17904e-11           2.44498e-25           0.0245463             0.053052        
