Note : P(D|M) is the probability of site D given the model M (i.e., the site likelihood)
P(D|M,rr[x]) is the probability of site D given the model M and the relative rate
of evolution rr[x], where x is the class of rate to be considered.
We have P(D|M) = \sum_x P(x) x P(D|M,rr[x]).


Site   P(D|M)          P(D|M,rr[1]=0.0917)   P(D|M,rr[2]=0.3998)   P(D|M,rr[3]=0.9519)   P(D|M,rr[4]=2.5565)   Posterior mean        P(D|M,rr[0]=0)  
1      0.0116324       0.0125181             1.42268e-05           1.453e-10             5.17995e-23           0.0248058             0.099081        
2      0.00805041      0.00459279            3.75446e-07           3.26056e-14           2.18834e-32           0.0130903             0.079066        
3      2.337e-44       5.20549e-57           1.69418e-46           1.02392e-43           3.82651e-48           1.04345               0               
4      6.12238e-42     2.62027e-52           1.29957e-42           2.55701e-41           2.0316e-49            1.01509               0               
5      8.71214e-23     2.19133e-25           3.53871e-22           2.82651e-23           1.05144e-31           0.483275              0               
6      0.00861398      0.0153266             0.00018731            7.72711e-08           2.35867e-17           0.0429869             0.057337        
7      3.93719e-15     6.23276e-15           1.10404e-14           6.21527e-18           1.7553e-29            0.316983              0               
8      0.00144969      0.00133223            6.53492e-07           8.12323e-13           9.47021e-30           0.0211235             0.012937        
9      0.00194847      0.00378305            7.74092e-05           7.44433e-08           1.50164e-16           0.0485134             0.012066        
10     0.00861398      0.0153266             0.00018731            7.72711e-08           2.35867e-17           0.0429869             0.057337        
11     5.52506e-08     2.42418e-07           6.36382e-11           3.40296e-18           8.80868e-36           0.100754              0               
12     1.12399e-07     4.86646e-07           6.64789e-09           1.43013e-13           8.00649e-27           0.105221              0               
13     2.93192e-05     0.000128402           2.73204e-07           1.22302e-12           3.07783e-27           0.101383              0               
14     2.13626e-17     3.18816e-17           6.18722e-17           1.65433e-21           4.03908e-37           0.323757              0               
15     3.85631e-10     1.68225e-09           1.01921e-11           3.23856e-18           2.15453e-35           0.102701              0               
16     1.51003e-21     4.08824e-22           6.21732e-21           1.04064e-24           6.51208e-39           0.417936              0               
17     2.05727e-22     5.52458e-23           8.47636e-22           4.25392e-27           1.54336e-46           0.418013              0               
18     1.417e-08       6.21063e-08           8.24113e-11           3.10555e-17           7.58336e-35           0.101113              0               
19     1.72961e-24     1.06054e-28           4.44124e-24           3.1495e-24            1.90405e-31           0.689996              0               
20     4.55954e-16     3.99531e-16           1.60077e-15           7.74548e-19           7.85472e-31           0.371438              0               
21     6.76854e-17     1.87616e-16           1.09438e-16           1.83038e-21           4.56993e-37           0.225204              0               
22     5.41494e-21     7.12059e-23           2.35493e-20           1.44352e-22           1.47448e-33           0.441359              0               
23     4.30959e-50     4.40247e-67           1.06238e-53           1.89075e-49           5.18336e-53           1.04484               0               
24     1.99752e-44     4.54286e-55           8.2744e-46            8.68389e-44           7.34085e-50           1.03867               0               
25     8.90122e-29     4.8392e-34            1.78378e-28           2.12275e-28           6.74417e-36           0.767818              0               
26     1.23282e-15     9.84188e-17           4.66392e-15           6.48198e-16           1.04062e-21           0.505109              0               
27     2.64007e-42     4.72528e-56           4.19613e-45           1.15776e-41           4.87673e-45           1.04491               0               
28     7.24298e-49     1.57608e-65           2.67755e-52           3.1778e-48            7.10721e-52           1.04473               0               
29     3.71333e-63     5.14626e-87           2.08691e-69           1.25072e-62           3.7897e-63            1.45381               0               
30     2.97162e-34     2.67778e-39           1.26736e-33           3.6808e-35            5.068e-46             0.455787              0               
31     4.33249e-24     3.97918e-25           1.85253e-23           9.10293e-26           2.44827e-36           0.434519              0               
32     2.71252e-38     1.12462e-44           1.04966e-37           1.40802e-38           5.85333e-49           0.510332              0               
33     2.56709e-10     1.12512e-09           1.51015e-12           9.84102e-20           3.81172e-40           0.101118              0               
34     0.00410311      0.00168831            3.87578e-08           3.01983e-16           8.59577e-38           0.00943881            0.041977        
35     0.00801481      0.00734092            3.96885e-06           9.16466e-12           1.89091e-26           0.0210579             0.071586        
36     1.32235e-12     5.61249e-12           1.90979e-13           2.75383e-19           3.65008e-35           0.111789              0               
37     2.91719e-09     1.27973e-08           5.60444e-12           1.58231e-19           6.71533e-38           0.100813              0               
38     0.00224356      0.00115551            5.82338e-08           1.44849e-15           1.00191e-36           0.011816              0.022355        
39     0.00410311      0.00168831            3.87578e-08           3.01983e-16           8.59577e-38           0.00943881            0.041977        
40     1.10062e-06     4.39263e-06           4.36498e-07           1.23115e-09           1.37055e-17           0.131452              0               
41     1.25542e-63     7.5812e-85            1.12434e-69           1.41268e-63           4.09705e-63           2.3536                0               
42     0.00655723      0.00189613            1.61291e-08           6.88583e-17           4.26037e-36           0.00663283            0.069147        
43     0.00410311      0.00168831            3.87578e-08           3.01983e-16           8.59577e-38           0.00943881            0.041977        
44     1.25017e-67     3.0192e-98            1.51425e-77           8.02734e-69           5.40645e-67           2.77926               0               
45     2.13966e-49     6.24846e-64           3.5061e-52            9.38663e-49           3.11925e-53           1.04422               0               
46     4.27938e-15     7.88261e-15           1.08931e-14           5.48163e-18           7.8481e-29            0.296997              0               
47     4.40612e-86     2.20271e-141          5.5841e-111           6.18216e-96           1.93374e-85           2.80502               0               
48     0.079066        0.079066              0.079066              0.079066              0.079066              1                     0.079066        
49     0.055941        0.055941              0.055941              0.055941              0.055941              1                     0.055941        
50     0.055941        0.055941              0.055941              0.055941              0.055941              1                     0.055941        
51     0.055941        0.055941              0.055941              0.055941              0.055941              1                     0.055941        
52     0.04404         0.04404               0.04404               0.04404               0.04404               1                     0.04404         
53     0.057337        0.057337              0.057337              0.057337              0.057337              1                     0.057337        
54     0.079066        0.079066              0.079066              0.079066              0.079066              1                     0.079066        
55     0.057337        0.057337              0.057337              0.057337              0.057337              1                     0.057337        
56     0.057337        0.057337              0.057337              0.057337              0.057337              1                     0.057337        
57     0.062157        0.062157              0.062157              0.062157              0.062157              1                     0.062157        
58     0.057337        0.057337              0.057337              0.057337              0.057337              1                     0.057337        
59     0.055941        0.055941              0.055941              0.055941              0.055941              1                     0.055941        
60     0.057337        0.057337              0.057337              0.057337              0.057337              1                     0.057337        
61     0.012937        0.012937              0.012937              0.012937              0.012937              1                     0.012937        
62     0.055941        0.055941              0.055941              0.055941              0.055941              1                     0.055941        
63     0.069147        0.069147              0.069147              0.069147              0.069147              1                     0.069147        
64     8.80921e-63     2.30821e-92           4.29256e-73           1.07477e-64           3.85541e-62           2.80013               0               
65     1.78042e-42     2.17074e-47           7.80455e-42           9.28006e-45           5.18553e-62           0.439412              0               
66     3.14289e-50     4.31813e-68           7.21508e-55           1.07379e-49           3.05543e-50           1.43439               0               
67     3.14652e-44     2.73754e-54           1.53055e-44           1.22788e-43           1.15219e-52           0.977256              0               
68     1.32401e-73     3.01479e-112          2.91577e-88           1.99032e-77           5.81058e-73           2.80496               0               
69     9.79112e-32     1.35062e-35           3.88056e-31           4.16397e-32           5.56238e-41           0.497376              0               
70     6.09215e-35     1.14911e-41           2.30803e-34           3.65676e-35           2.26867e-45           0.521533              0               
71     3.68132e-15     4.12656e-18           2.90969e-15           1.24117e-14           8.30918e-16           1.02561               0               
72     1.54788e-69     7.68521e-105          3.47237e-84           2.10344e-74           6.79326e-69           2.80502               0               
73     2.19669e-86     3.21048e-129          3.78123e-104          1.74525e-92           9.64078e-86           2.80502               0               
74     8.80244e-91     3.43188e-144          2.10955e-115          6.27775e-101          3.86318e-90           2.80502               0               
75     0.057337        0.057337              0.057337              0.057337              0.057337              1                     0.057337        
76     0.055941        0.055941              0.055941              0.055941              0.055941              1                     0.055941        
77     0.099081        0.099081              0.099081              0.099081              0.099081              1                     0.099081        
78     0.057337        0.057337              0.057337              0.057337              0.057337              1                     0.057337        
79     0.057337        0.057337              0.057337              0.057337              0.057337              1                     0.057337        
80     0.057337        0.057337              0.057337              0.057337              0.057337              1                     0.057337        
81     0.000941089     0.000124523           0.000517001           0.00112814            0.00236055            1.94637               0               
82     1.81964e-68     5.25297e-112          4.43937e-89           2.86025e-77           7.98598e-68           2.80502               0               
83     3.32375e-47     5.71434e-74           2.4772e-57            8.79072e-50           1.45784e-46           2.80396               0               
84     3.45342e-06     1.07892e-07           1.3673e-06            4.15132e-06           9.52972e-06           2.09005               0               
85     2.53396e-08     1.63389e-11           9.03591e-10           8.1156e-09            1.02174e-07           2.65691               0               
86     8.06682e-55     3.42194e-79           1.05692e-63           1.0286e-56            3.53005e-54           2.79991               0               
87     1.83508e-69     7.85626e-107          1.03073e-85           2.77857e-75           8.05374e-69           2.80502               0               
88     3.64987e-07     1.84669e-10           1.4845e-08            1.65078e-07           1.42173e-06           2.60134               0               
89     0.000432455     8.09022e-05           0.000307111           0.000577521           0.00093241            1.7711                0               
90     0.000931495     9.21622e-05           0.000430795           0.00107185            0.00249331            2.03308               0               
91     0.00036142      6.48575e-05           0.000245702           0.000473443           0.000802184           1.80238               0               
92     1.4324e-05      6.28183e-05           4.64408e-08           3.57343e-14           2.0475e-30            0.100915              0               
93     5.87772e-33     1.02646e-37           1.4859e-32            1.09368e-32           1.11249e-40           0.695491              0               
94     4.87991e-29     3.27098e-33           1.72456e-28           4.17089e-29           1.10742e-37           0.556646              0               
95     3.02947e-46     1.07285e-57           3.85106e-47           1.29105e-45           7.45379e-54           1.02684               0               
96     4.58541e-75     3.79236e-113          2.30285e-91           8.4818e-81            2.01243e-74           2.80502               0               
97     5.41091e-30     5.22971e-36           2.22368e-29           1.51039e-30           6.83546e-42           0.477217              0               
98     7.65121e-86     5.22211e-137          9.03311e-109          6.44523e-95           3.35794e-85           2.80502               0               
99     3.67653e-75     6.77783e-124          1.11105e-96           2.72641e-83           1.61354e-74           2.80502               0               
100    4.08179e-28     1.87387e-33           2.57417e-28           1.53396e-27           2.75524e-32           0.957378              0               
101    9.51377e-16     2.39901e-15           1.77612e-15           2.435e-19             3.02471e-32           0.24451               0               
102    1.22807e-09     5.38869e-09           1.04233e-12           3.40551e-20           3.07549e-38           0.10073               0               
103    5.59423e-06     2.45508e-05           9.50933e-10           1.01716e-17           1.67008e-36           0.100678              0               
104    4.25193e-26     1.82622e-28           1.86333e-25           9.16039e-29           1.4592e-41            0.43866               0               
105    2.74654e-09     1.1848e-08            2.05952e-10           8.08607e-15           6.83031e-27           0.106441              0               
106    0.00721736      0.0142303             0.00032338            3.80647e-07           1.54383e-15           0.0497155             0.04404         
107    0.00795026      0.00415341            2.42951e-07           1.17226e-14           1.57291e-33           0.0119859             0.079066        
108    0.00482318      0.00471897            3.2674e-06            1.02866e-11           2.19645e-26           0.0225091             0.042302        
109    0.057337        0.057337              0.057337              0.057337              0.057337              1                     0.057337        
110    0.057337        0.057337              0.057337              0.057337              0.057337              1                     0.057337        
111    0.04404         0.04404               0.04404               0.04404               0.04404               1                     0.04404         
112    0.055941        0.055941              0.055941              0.055941              0.055941              1                     0.055941        
113    0.061197        0.061197              0.061197              0.061197              0.061197              1                     0.061197        
114    0.055941        0.055941              0.055941              0.055941              0.055941              1                     0.055941        
115    0.04404         0.04404               0.04404               0.04404               0.04404               1                     0.04404         
116    0.057337        0.057337              0.057337              0.057337              0.057337              1                     0.057337        
117    0.057337        0.057337              0.057337              0.057337              0.057337              1                     0.057337        
118    0.04404         0.04404               0.04404               0.04404               0.04404               1                     0.04404         
119    0.079066        0.079066              0.079066              0.079066              0.079066              1                     0.079066        
120    0.079066        0.079066              0.079066              0.079066              0.079066              1                     0.079066        
121    0.04404         0.04404               0.04404               0.04404               0.04404               1                     0.04404         
122    0.04404         0.04404               0.04404               0.04404               0.04404               1                     0.04404         
123    0.061197        0.061197              0.061197              0.061197              0.061197              1                     0.061197        
124    0.099081        0.099081              0.099081              0.099081              0.099081              1                     0.099081        
125    0.053287        0.053287              0.053287              0.053287              0.053287              1                     0.053287        
126    0.061197        0.061197              0.061197              0.061197              0.061197              1                     0.061197        
127    0.055941        0.055941              0.055941              0.055941              0.055941              1                     0.055941        
128    0.057337        0.057337              0.057337              0.057337              0.057337              1                     0.057337        
129    0.055941        0.055941              0.055941              0.055941              0.055941              1                     0.055941        
130    0.061197        0.061197              0.061197              0.061197              0.061197              1                     0.061197        
131    0.069147        0.069147              0.069147              0.069147              0.069147              1                     0.069147        
132    0.0084472       0.0146291             0.000152979           4.78289e-08           6.62206e-18           0.0415344             0.057337        
133    8.36974e-07     3.67227e-06           1.01136e-09           1.33313e-16           7.09618e-35           0.100758              0               
134    6.26208e-29     1.80746e-31           2.74611e-28           3.68911e-32           2.27512e-48           0.438552              0               
135    5.6662e-32      5.06514e-37           2.20368e-31           2.83075e-32           2.4454e-41            0.50764               0               
136    3.014e-31       7.85637e-37           9.66506e-31           3.56268e-31           5.08566e-41           0.601827              0               
137    0.00801481      0.00734092            3.96885e-06           9.16466e-12           1.89091e-26           0.0210579             0.071586        
138    1.03181e-06     4.52835e-06           1.84175e-11           1.13216e-21           3.46766e-49           0.100666              0               
139    5.69518e-51     3.51584e-63           2.55129e-52           2.47397e-50           4.97576e-58           1.03821               0               
140    5.59094e-66     1.20077e-101          6.10839e-81           6.2959e-71            2.45373e-65           2.80502               0               
141    1.24573e-22     9.4459e-25            5.36123e-22           9.65674e-24           5.88236e-33           0.448808              0               
142    2.52826e-49     1.94922e-64           3.24604e-52           1.10921e-48           5.84804e-53           1.0443                0               
143    1.47341e-60     4.70576e-90           1.38799e-70           4.01075e-62           6.42634e-60           2.7941                0               
144    3.72581e-47     2.11842e-63           1.48924e-50           1.63435e-46           6.73071e-50           1.04506               0               
145    1.6012e-51      5.37518e-69           8.93946e-56           6.69905e-51           3.28152e-52           1.1266                0               
146    8.39521e-36     2.39886e-40           3.62571e-35           5.87341e-37           1.09839e-48           0.448346              0               
147    5.51844e-50     2.18307e-63           8.37724e-52           2.41353e-49           1.65659e-56           1.04229               0               
148    2.0392e-28      9.57361e-32           8.94065e-28           7.98936e-31           1.27301e-44           0.439198              0               
149    1.40426e-07     6.16191e-07           1.05038e-10           2.75539e-18           1.32363e-36           0.100723              0               
150    0.00587124      0.00514041            2.28204e-06           3.59257e-12           1.83834e-27           0.0201207             0.053052        
151    5.98064e-07     2.62458e-06           1.81471e-10           1.99817e-18           9.37982e-40           0.100688              0               
152    0.00515072      0.00188909            2.94037e-08           1.31474e-16           2.07251e-38           0.00841301            0.053287        
153    0.00142624      0.00122952            4.60801e-07           3.54037e-13           1.02868e-30           0.0198055             0.012937        
154    0.00721736      0.0142303             0.00032338            3.80647e-07           1.54383e-15           0.0497155             0.04404         
155    9.95133e-12     1.76657e-11           2.5752e-11            2.56352e-13           4.76365e-21           0.305519              0               
156    0.00655924      0.00190494            1.64586e-08           7.22612e-17           4.85425e-36           0.00666161            0.069147        
157    5.02807e-24     3.0392e-25            2.17627e-23           4.33178e-28           2.00763e-45           0.43405               0               
158    4.90152e-08     2.14308e-07           8.07937e-10           1.90635e-15           5.01788e-31           0.101935              0               
159    0.00655723      0.00189613            1.61291e-08           6.88583e-17           4.26037e-36           0.00663283            0.069147        
160    0.00191101      0.00363132            6.47693e-05           4.87219e-08           4.82907e-17           0.0469789             0.012066        
161    1.54409e-47     1.02783e-56           9.94918e-48           5.78171e-47           9.53225e-57           0.955462              0               
162    4.96905e-38     5.85279e-44           2.01711e-37           1.63695e-38           1.61053e-50           0.484158              0               
163    3.42156e-15     1.45654e-14           4.51092e-16           3.79202e-22           9.1346e-39            0.110819              0               
164    9.2662e-18      1.67527e-18           3.89259e-17           6.5954e-20            2.68507e-31           0.425751              0               
165    3.83287e-46     3.94506e-59           5.358e-48             1.6768e-45            1.10012e-51           1.04246               0               
166    1.40544e-28     3.15164e-31           6.16005e-28           4.94892e-31           6.27034e-46           0.439006              0               
167    1.92276e-46     6.60694e-60           9.36206e-49           8.42913e-46           5.31115e-51           1.04373               0               
168    2.06668e-57     8.87977e-82           1.16402e-64           1.02719e-57           8.043e-57             2.60563               0               
169    3.51206e-51     8.42788e-65           1.01974e-53           1.54013e-50           2.12705e-54           1.04423               0               
170    2.00347e-57     9.31677e-88           5.12252e-69           1.83413e-60           8.79093e-57           2.80465               0               
171    4.26696e-55     2.43738e-70           3.69322e-58           1.87227e-54           2.93657e-59           1.0443                0               
172    3.16894e-06     1.39068e-05           9.66901e-10           1.07429e-17           5.11991e-39           0.100688              0               
173    7.23449e-35     6.88757e-39           3.17096e-34           4.01429e-37           2.11665e-52           0.439452              0               
174    0.069147        0.069147              0.069147              0.069147              0.069147              1                     0.069147        
175    0.04404         0.04404               0.04404               0.04404               0.04404               1                     0.04404         
176    0.055941        0.055941              0.055941              0.055941              0.055941              1                     0.055941        
177    0.079066        0.079066              0.079066              0.079066              0.079066              1                     0.079066        
178    0.055941        0.055941              0.055941              0.055941              0.055941              1                     0.055941        
179    0.055941        0.055941              0.055941              0.055941              0.055941              1                     0.055941        
180    5.14707e-29     9.77195e-35           2.14015e-28           1.18777e-29           6.53066e-41           0.470541              0               
181    7.31733e-12     3.2056e-11            5.80493e-14           3.63493e-21           3.80989e-39           0.101276              0               
182    0.00224356      0.00115551            5.82338e-08           1.44849e-15           1.00191e-36           0.011816              0.022355        
183    1.46792e-05     6.16415e-05           2.78004e-06           2.03268e-09           7.22225e-19           0.115282              0               
184    5.08549e-06     2.23028e-05           1.62685e-08           1.22301e-14           6.72728e-31           0.100911              0               
185    1.81304e-35     4.32762e-43           2.61297e-36           7.69547e-35           2.62712e-39           1.02456               0               
186    9.01747e-74     2.02916e-108          8.05388e-86           4.53071e-76           3.95302e-73           2.803                 0               
187    0.00224356      0.00115551            5.82338e-08           1.44849e-15           1.00191e-36           0.011816              0.022355        
188    0.00801481      0.00734092            3.96885e-06           9.16466e-12           1.89091e-26           0.0210579             0.071586        
189    0.00801481      0.00734092            3.96885e-06           9.16466e-12           1.89091e-26           0.0210579             0.071586        
190    6.25652e-14     2.65826e-13           8.75835e-15           4.78064e-21           2.60609e-40           0.111447              0               
191    9.23889e-43     6.13104e-57           1.16659e-44           4.04307e-42           1.48618e-48           1.04265               0               
192    7.3038e-06      3.20457e-05           8.95216e-09           1.19184e-15           5.67358e-34           0.100759              0               
193    0.00515072      0.00188909            2.94037e-08           1.31474e-16           2.07251e-38           0.00841301            0.053287        
194    6.31902e-29     1.92742e-31           2.76384e-28           7.50201e-31           2.19516e-43           0.440097              0               
195    0.00571469      0.00128909            3.82925e-09           1.35763e-18           7.1597e-42            0.00517409            0.061197        
196    4.62236e-20     5.20907e-20           1.50743e-19           3.09528e-23           1.26462e-36           0.351988              0               
197    3.22187e-20     8.66045e-20           5.47949e-20           1.03691e-24           3.05768e-40           0.231663              0               
198    1.52945e-67     3.13437e-108          8.01181e-85           1.98819e-73           6.71241e-67           2.80502               0               
199    1.02014e-69     2.21478e-96           2.43314e-78           1.39719e-70           4.33745e-69           2.75008               0               
200    5.16855e-10     1.99043e-09           2.77872e-10           5.47331e-14           8.68821e-26           0.142096              0               
201    1.15313e-33     2.7096e-43            2.68011e-34           4.79282e-33           1.32818e-39           1.01231               0               
202    3.28497e-29     2.15388e-33           1.43407e-28           7.60397e-31           2.63927e-43           0.441883              0               
203    6.2569e-29      5.81482e-32           2.74045e-28           4.97409e-31           3.63174e-43           0.439719              0               
204    7.60819e-18     3.03483e-17           3.04217e-18           7.93199e-23           1.58387e-36           0.131465              0               
205    3.73679e-43     3.69802e-53           1.17437e-43           1.52255e-42           5.81609e-51           1.00101               0               
206    7.27571e-41     2.40764e-51           7.70076e-41           2.42306e-40           2.38638e-52           0.898315              0               
207    1.3633e-80      2.73656e-126          5.08105e-100          1.6669e-87            5.98318e-80           2.80502               0               
208    6.01301e-17     1.46069e-17           2.49031e-16           2.59036e-19           4.05726e-31           0.420578              0               
209    4.32999e-09     1.89778e-08           2.5529e-11            9.66702e-18           2.09278e-35           0.101119              0               
210    1.88918e-50     2.41262e-65           4.67453e-53           8.28644e-50           5.40718e-55           1.04406               0               
211    2.28743e-29     4.38354e-32           8.97319e-29           1.06144e-29           8.25047e-38           0.502586              0               
212    2.37004e-17     7.52818e-17           2.87338e-17           8.68087e-23           6.55089e-39           0.194044              0               
213    4.78284e-40     2.45898e-47           6.56396e-40           1.44268e-39           9.56307e-49           0.854982              0               
214    1.0821e-55      1.38619e-76           7.71844e-61           4.67089e-55           7.81838e-57           1.07337               0               
215    6.07292e-08     2.57526e-07           8.99918e-09           8.37545e-13           5.59508e-25           0.112081              0               
216    4.04483e-20     3.84028e-20           1.39114e-19           8.8362e-25            1.05885e-40           0.36557               0               
217    2.01274e-29     3.36666e-34           6.08762e-29           2.74581e-29           3.71593e-37           0.626967              0               
218    5.04491e-60     3.36395e-78           2.41509e-64           2.18151e-59           3.25536e-61           1.07027               0               
219    2.25027e-11     4.79225e-14           9.00424e-12           6.35309e-11           2.61762e-11           1.45536               0               
220    1.02634e-48     1.65129e-65           1.43715e-53           1.61125e-48           2.89312e-48           2.17522               0               
221    5.67081e-06     2.13539e-06           1.12587e-05           1.00897e-05           1.40407e-06           0.78874               0               
222    4.98031e-08     1.27075e-10           8.72815e-09           6.04382e-08           1.49281e-07           2.22212               0               
223    7.01743e-05     2.92056e-05           0.000151658           0.000114068           1.30469e-05           0.731218              0               
224    0.0318422       0.0522795             0.0383842             0.022161              0.00463235            0.416752              0.057337        
225    0.000378922     0.000422413           0.000789786           0.000428767           2.20372e-05           0.540354              0               
226    0.0216787       0.0471288             0.0197937             0.00435312            7.58347e-05           0.191151              0.061197        
227    1.97358e-28     1.16971e-32           2.1319e-28            6.52946e-28           9.04758e-33           0.895312              0               
228    2.80672e-12     1.90274e-15           8.4728e-13            7.48286e-12           3.98598e-12           1.5723                0               
229    4.7167e-08      2.35521e-09           3.89939e-08           1.12873e-07           5.27831e-08           1.36849               0               
230    1.64855e-57     5.54983e-77           3.00049e-62           7.19523e-57           3.98485e-59           1.05408               0               
231    1.53992e-49     1.63453e-69           1.09589e-54           5.97501e-49           7.83333e-50           1.24845               0               
232    9.33096e-56     7.32763e-79           2.50872e-62           1.10931e-55           2.98583e-55           2.32809               0               
233    4.17144e-39     9.63241e-49           3.66677e-40           1.79408e-38           3.01743e-44           1.03226               0               
234    1.96922e-19     6.0579e-21            8.52472e-19           5.71497e-21           1.6913e-31            0.440329              0               
235    4.35884e-46     2.91665e-61           1.8442e-48            1.91115e-45           8.76573e-53           1.0438                0               
236    3.67441e-74     1.41332e-114          2.55324e-90           4.83995e-79           1.61261e-73           2.80502               0               
237    4.2323e-26      1.74829e-28           1.84186e-25           1.38459e-27           8.56437e-39           0.44289               0               
238    3.72947e-11     1.20287e-10           4.33836e-11           7.67436e-15           2.21262e-27           0.190305              0               
239    0.000358871     6.4078e-05            0.000243132           0.000469443           0.000798349           1.80494               0               
240    5.18528e-66     9.4384e-93            5.019e-74             2.00187e-66           2.07551e-65           2.65014               0               
241    0.04404         0.04404               0.04404               0.04404               0.04404               1                     0.04404         
242    4.97224e-74     5.32619e-98           3.65596e-80           1.87302e-73           3.09182e-74           1.29384               0               
243    7.65084e-22     8.67116e-22           2.49054e-21           1.16338e-25           8.68169e-41           0.351421              0               
244    1.42124e-68     2.80169e-92           5.4602e-74            6.23009e-68           7.38131e-71           1.04647               0               
245    2.32745e-21     9.56939e-21           6.45226e-22           2.89558e-28           3.8046e-47            0.122017              0               
246    2.2051e-69      4.09594e-103          4.07381e-82           9.67208e-73           9.67669e-69           2.80484               0               
247    1.29801e-26     5.34583e-30           3.20603e-26           2.49009e-26           2.50482e-32           0.70342               0               
248    2.45904e-05     0.000107583           3.39074e-07           2.7249e-12            1.76002e-26           0.101727              0               
249    2.85612e-17     5.45461e-17           7.07837e-17           1.87446e-20           4.82875e-33           0.291689              0               
250    0.00721736      0.0142303             0.00032338            3.80647e-07           1.54383e-15           0.0497155             0.04404         
251    4.08535e-31     9.00029e-38           3.07194e-31           1.48577e-30           9.31412e-38           0.940612              0               
252    1.16807e-73     7.04351e-102          1.29773e-82           1.06327e-74           5.02007e-73           2.7685                0               
253    3.78426e-51     4.59072e-59           1.37239e-51           1.52358e-50           3.79579e-57           0.994338              0               
254    2.68069e-06     1.17118e-05           5.30798e-08           1.08942e-12           5.63459e-25           0.10219               0               
255    0.057337        0.057337              0.057337              0.057337              0.057337              1                     0.057337        
256    0.061197        0.061197              0.061197              0.061197              0.061197              1                     0.061197        
257    1.86635e-74     3.76171e-115          9.92636e-92           1.99321e-80           8.19096e-74           2.80502               0               
258    9.38783e-56     4.21886e-74           5.80675e-60           4.07465e-55           4.53878e-57           1.06377               0               
259    2.15154e-30     2.74172e-35           9.29829e-30           1.44302e-31           3.56754e-43           0.447948              0               
260    0.0084472       0.0146291             0.000152979           4.78289e-08           6.62206e-18           0.0415344             0.057337        
261    1.26334e-36     8.80359e-45           1.1282e-36            4.41629e-36           5.50046e-44           0.921141              0               
262    2.39306e-05     0.000104999           2.65669e-08           2.99359e-15           9.30642e-34           0.10075               0               
263    9.26665e-06     4.06648e-05           4.36173e-09           9.06569e-17           8.06821e-38           0.100701              0               
264    3.02402e-06     1.32709e-05           7.89065e-10           5.59283e-18           2.88045e-40           0.100685              0               
265    3.32309e-06     1.45831e-05           1.15086e-09           1.53953e-17           9.20888e-39           0.100692              0               
266    6.75762e-06     2.96552e-05           2.39911e-09           3.28583e-17           1.93259e-38           0.100692              0               
267    4.98401e-07     2.18735e-06           9.85035e-12           7.41174e-22           3.43809e-49           0.100667              0               
268    1.67598e-18     4.0367e-19            6.92234e-18           2.94899e-20           3.55752e-30           0.422571              0               
269    1.775e-09       7.67194e-09           1.18126e-10           5.93184e-16           2.49585e-31           0.105791              0               
270    9.69993e-36     4.06286e-45           4.35805e-37           4.2133e-35            1.91291e-39           1.03827               0               
271    6.52015e-10     2.68128e-09           1.80247e-10           8.9837e-15            6.27739e-28           0.12196               0               
272    1.97419e-09     8.6612e-09            3.07651e-12           1.0168e-19            1.67236e-40           0.100785              0               
273    2.93061e-43     7.85604e-55           4.47909e-45           1.28169e-42           7.16963e-48           1.04229               0               
274    0.057337        0.057337              0.057337              0.057337              0.057337              1                     0.057337        
275    0.057337        0.057337              0.057337              0.057337              0.057337              1                     0.057337        
276    0.057337        0.057337              0.057337              0.057337              0.057337              1                     0.057337        
277    0.057337        0.057337              0.057337              0.057337              0.057337              1                     0.057337        
278    0.099081        0.099081              0.099081              0.099081              0.099081              1                     0.099081        
279    0.079066        0.079066              0.079066              0.079066              0.079066              1                     0.079066        
280    0.042302        0.042302              0.042302              0.042302              0.042302              1                     0.042302        
281    0.055941        0.055941              0.055941              0.055941              0.055941              1                     0.055941        
282    0.034155        0.034155              0.034155              0.034155              0.034155              1                     0.034155        
283    0.042302        0.042302              0.042302              0.042302              0.042302              1                     0.042302        
284    0.04404         0.04404               0.04404               0.04404               0.04404               1                     0.04404         
285    0.041977        0.041977              0.041977              0.041977              0.041977              1                     0.041977        
286    0.057337        0.057337              0.057337              0.057337              0.057337              1                     0.057337        
287    3.07208e-43     5.49258e-52           9.3873e-44            1.25439e-42           1.16201e-49           1.00222               0               
288    3.18389e-21     5.4796e-21            8.49371e-21           6.23975e-26           3.1867e-41            0.30614               0               
289    3.87691e-15     2.40357e-16           1.59665e-14           8.0798e-16            3.53234e-23           0.462681              0               
290    6.48614e-26     4.20096e-30           2.67153e-25           1.75046e-26           6.65827e-37           0.475934              0               
291    6.11755e-24     2.80819e-26           2.58716e-23           9.4884e-25            2.60793e-33           0.459745              0               
292    6.14541e-32     4.90693e-38           6.99541e-32           1.99753e-31           4.58952e-38           0.887289              0               
293    1.80761e-12     6.49602e-12           1.43705e-12           1.27369e-16           1.64562e-29           0.161912              0               
294    4.21582e-36     6.35662e-44           2.56802e-36           1.59342e-35           6.60193e-43           0.96032               0               
295    8.58965e-42     1.4014e-48            2.8628e-41            9.06997e-42           5.64662e-53           0.584421              0               
296    7.90839e-25     4.90183e-25           2.98062e-24           2.648e-30             4.48435e-52           0.390954              0               
297    5.13781e-30     2.4717e-35            2.2343e-29            2.05593e-31           7.2356e-46            0.444215              0               
298    8.0465e-61      7.4552e-85            3.85264e-67           2.85756e-60           6.73856e-61           1.38035               0               
299    1.12775e-31     1.12563e-36           4.03525e-31           9.14157e-32           2.31311e-41           0.550564              0               
300    1.80058e-38     2.74524e-52           2.33148e-41           7.89271e-38           7.28647e-41           1.04583               0               
301    0.00873348      0.0158237             0.000214673           1.0567e-07            4.97494e-17           0.0440182             0.057337        
302    3.74525e-15     2.77694e-15           1.34392e-14           2.20931e-16           1.02144e-23           0.389727              0               
303    6.5421e-56      6.02465e-72           3.90472e-59           2.87041e-55           3.67701e-59           1.04453               0               
304    6.73322e-67     4.2289e-100           9.45612e-80           2.21039e-70           2.95483e-66           2.80489               0               
305    3.58643e-40     3.79666e-52           7.25306e-42           1.56674e-39           6.60028e-45           1.0416                0               
306    8.66438e-60     1.55733e-83           6.53972e-66           3.6537e-59            1.48896e-60           1.11333               0               
307    1.4272e-75      5.13647e-127          1.53196e-98           2.12401e-84           6.26363e-75           2.80502               0               
308    5.17623e-19     6.05268e-19           1.6664e-18            5.5098e-23            1.09877e-39           0.348645              0               
309    5.74013e-21     3.56256e-23           2.46583e-20           4.982e-22             7.54104e-32           0.450193              0               
310    2.64981e-54     6.05552e-72           1.74257e-57           1.16276e-53           8.38934e-60           1.0443                0               
311    2.49368e-40     8.56911e-50           1.36009e-40           9.5841e-40            1.04127e-48           0.969115              0               
312    2.09254e-28     1.25668e-31           8.86487e-28           3.17545e-29           1.37394e-39           0.45959               0               
313    4.22848e-15     1.41465e-14           4.41116e-15           1.1549e-19            8.83537e-35           0.18102               0               
314    0.00519949      0.00210309            4.63751e-08           3.67287e-16           1.88469e-37           0.00927845            0.053287        
315    0.00586029      0.00155487            9.79303e-09           2.6376e-17            1.03596e-36           0.00608589            0.062157        
316    4.91335e-06     2.15264e-05           3.71137e-08           7.5254e-14            8.51633e-31           0.101247              0               
317    5.56254e-19     1.16239e-18           1.27845e-18           4.30335e-22           3.24169e-34           0.277851              0               
318    4.53103e-06     1.98796e-05           5.98946e-09           8.91886e-16           4.82919e-34           0.100767              0               
319    5.584e-07       2.45044e-06           2.45754e-10           4.77132e-18           6.52645e-39           0.100699              0               
320    1.77233e-06     7.77786e-06           4.83584e-10           3.76026e-18           3.15849e-40           0.100686              0               
321    3.4031e-27      2.3083e-29            1.46829e-26           2.29466e-28           2.39358e-38           0.447477              0               
322    1.35548e-06     5.93521e-06           1.36769e-08           6.64871e-14           1.53441e-28           0.101442              0               
323    4.63911e-06     2.03585e-05           1.42706e-09           1.34294e-17           1.38669e-39           0.100689              0               
324    7.0585e-09      3.06391e-08           3.38998e-10           4.7382e-15            4.79086e-29           0.104364              0               
325    0.00796842      0.00423308            2.64007e-07           1.43074e-14           2.71615e-33           0.0121882             0.079066        
326    1.64166e-31     1.41876e-35           7.1933e-31            1.14385e-33           3.32085e-49           0.439648              0               
327    5.41277e-58     4.49999e-79           1.09641e-63           1.33308e-57           1.04246e-57           1.81701               0               
328    2.05484e-51     1.09889e-68           2.03204e-55           8.92352e-51           9.44833e-53           1.06282               0               
329    4.13049e-25     2.36742e-27           1.80886e-24           1.54231e-27           1.39246e-41           0.438767              0               
330    4.40245e-13     1.25992e-16           1.52118e-13           1.54393e-12           2.35957e-13           1.21165               0               
331    5.42736e-15     1.17699e-19           2.78099e-16           7.74928e-15           1.57919e-14           2.20458               0               
332    5.15233e-15     1.57261e-18           1.91112e-15           1.7884e-14            2.81571e-15           1.21237               0               
333    1.53197e-14     1.66676e-18           2.80153e-15           4.3883e-14            2.05482e-14           1.55721               0               
334    2.06208e-08     1.08448e-08           5.2325e-08            2.70418e-08           2.88437e-10           0.586712              0               
335    1.47076e-07     8.9937e-08            3.92639e-07           1.61993e-07           9.13082e-10           0.54695               0               
336    3.33025e-18     9.18721e-23           4.72474e-19           1.00252e-17           4.11795e-18           1.52086               0               
337    7.76439e-08     1.57667e-08           1.3254e-07            1.74101e-07           1.83536e-08           0.859965              0               
338    4.7767e-25      6.13162e-38           3.15536e-30           1.56732e-26           2.08071e-24           2.79185               0               
339    0.0114696       0.0251878             0.00134937            9.01584e-06           3.05796e-11           0.0623175             0.061197        
340    1.94326e-21     7.0474e-33            3.28701e-26           6.62431e-23           8.46222e-21           2.79134               0               
341    3.27434e-06     2.39232e-06           8.88185e-06           3.07929e-06           1.68674e-08           0.514986              0               
342    4.87824e-05     7.26528e-05           0.000109294           3.19884e-05           1.59165e-07           0.416241              0               
343    3.69457e-16     5.89706e-21           3.92385e-17           1.09199e-15           4.90224e-16           1.56203               0               
344    1.215e-16       1.77357e-24           2.35093e-19           4.71119e-17           4.85886e-16           2.64842               0               
345    9.20722e-05     0.000203707           0.000174347           2.59699e-05           5.92005e-08           0.30756               0               
346    9.04328e-07     5.425e-07             2.40681e-06           1.01439e-06           5.18339e-09           0.550386              0               
347    2.54091e-12     2.34994e-16           1.77518e-13           3.37309e-12           7.60061e-12           2.23474               0               
348    0.0193709       0.0458991             0.0104897             0.000794795           7.22708e-07           0.118266              0.071586        
349    0.00895345      0.0210714             0.00232698            4.73829e-05           9.50766e-10           0.0812191             0.040767        
350    0.000394294     7.92479e-05           0.00030158            0.00056551            0.000784124           1.69341               0               
351    0.000269792     3.0184e-05            0.000134024           0.000316414           0.000703431           1.99774               0               
352    8.80766e-46     2.27703e-56           8.80306e-47           3.77744e-45           7.86321e-52           1.03059               0               
353    3.55753e-50     1.85777e-74           3.75831e-58           3.67256e-51           1.52459e-49           2.76361               0               
354    2.43277e-65     2.03495e-98           1.04003e-77           1.92342e-68           1.06749e-64           2.8047                0               
355    2.73007e-63     1.88172e-93           9.03182e-75           2.44571e-66           1.19792e-62           2.80466               0               
356    3.06901e-46     4.79523e-65           1.20895e-52           2.81468e-47           1.31877e-45           2.76823               0               
357    3.80577e-51     8.21689e-76           2.21619e-61           1.3436e-54            1.67013e-50           2.80488               0               
358    3.1127e-40      5.12542e-52           6.0318e-43            1.17708e-39           1.88403e-40           1.28694               0               
359    2.62841e-44     1.88545e-67           4.58163e-54           1.12711e-47           1.15344e-43           2.80485               0               
360    2.04582e-21     1.85575e-26           5.13101e-22           8.11847e-21           3.47052e-22           1.07783               0               
361    1.25093e-34     9.06518e-54           1.8443e-42            2.66636e-37           5.48735e-34           2.80417               0               
362    1.66436e-24     2.28602e-32           2.06375e-26           3.81367e-24           3.47017e-24           1.87911               0               
363    4.33452e-22     1.52357e-31           2.12238e-25           9.99451e-23           1.80216e-21           2.71226               0               
364    2.92993e-19     2.187e-26             1.69919e-21           2.01355e-19           1.08282e-18           2.5262                0               
365    0.057337        0.057337              0.057337              0.057337              0.057337              1                     0.057337        
366    5.4256e-07      2.31323e-07           1.30467e-06           8.31874e-07           1.3298e-08            0.630673              0               
367    7.04431e-11     2.40117e-11           2.2075e-10            6.43491e-11           4.78391e-14           0.538876              0               
368    0.0125313       0.0288093             0.00236589            3.04882e-05           2.99803e-10           0.0721827             0.061197        
369    4.98285e-12     5.58866e-16           9.48378e-13           1.47897e-11           6.12993e-12           1.51162               0               
370    3.13219e-24     7.91907e-35           1.93395e-28           2.0541e-25            1.35409e-23           2.77868               0               
371    4.73446e-13     5.63297e-15           8.95226e-13           1.17497e-12           2.01362e-15           0.782576              0               
372    0.0193709       0.0458991             0.0104897             0.000794795           7.22708e-07           0.118266              0.071586        
373    3.88236e-10     4.28422e-11           8.12376e-10           8.33537e-10           1.51226e-11           0.747502              0               
374    1.34404e-20     3.06527e-27           1.04468e-22           1.02984e-20           4.8584e-20            2.49344               0               
375    1.91339e-19     2.01894e-27           8.57167e-22           2.12874e-19           6.26013e-19           2.35629               0               
376    3.4225e-08      3.23142e-09           6.71988e-08           7.81821e-08           1.59321e-09           0.771785              0               
377    0.0200476       0.0439291             0.0180224             0.00370089            4.0976e-05            0.185358              0.057337        
378    3.06019e-20     6.17187e-30           4.28727e-24           2.73127e-21           1.31569e-19           2.76914               0               
379    1.27332e-16     1.41815e-23           1.45494e-18           1.7863e-16            3.78745e-16           2.23607               0               
380    7.37108e-24     3.71702e-39           9.36613e-31           1.8309e-26            3.23317e-23           2.80402               0               
381    1.15355e-19     2.13808e-28           1.08859e-22           4.04475e-20           4.65711e-19           2.66385               0               
382    7.88321e-21     2.94957e-31           7.17014e-25           7.35836e-22           3.3861e-20            2.76753               0               
383    8.89366e-27     3.79388e-44           3.23995e-35           2.13724e-30           3.90301e-26           2.80492               0               
384    5.90964e-26     1.94494e-44           4.75967e-35           6.38079e-30           2.59354e-25           2.80498               0               
385    1.78271e-12     8.38539e-17           6.39653e-14           1.37487e-12           6.38497e-12           2.47625               0               
386    0.00062315      0.000170574           0.000593167           0.000963274           0.00100784            1.50298               0               
387    0.00122798      0.000220713           0.000848459           0.00164228            0.00267787            1.78521               0               
388    0.00329074      0.000827528           0.00289372            0.00482547            0.00589556            1.58767               0               
389    0.069147        0.069147              0.069147              0.069147              0.069147              1                     0.069147        
390    2.94497e-26     2.90798e-40           5.13626e-32           4.62191e-28           1.28785e-25           2.79872               0               
391    5.26985e-27     1.63912e-36           1.72988e-30           7.46842e-28           2.23796e-26           2.74799               0               
392    2.69114e-29     1.67393e-44           2.60508e-36           3.30395e-32           1.18075e-28           2.80453               0               
393    9.064e-17       5.32879e-22           9.45763e-18           2.90881e-16           9.74584e-17           1.46133               0               
394    3.44647e-42     1.40819e-56           3.59442e-45           1.51073e-41           1.48719e-44           1.04597               0               
395    6.73959e-06     2.95012e-05           7.73351e-08           4.8147e-13            2.22688e-27           0.101549              0               
396    1.52829e-45     1.08645e-60           1.17662e-48           6.70397e-45           2.17995e-48           1.04485               0               
397    8.3055e-39      3.27991e-47           1.11136e-38           2.53373e-38           5.36166e-48           0.859715              0               
398    5.68008e-29     9.4814e-36            4.69729e-29           2.02313e-28           1.07795e-34           0.930257              0               
399    1.33161e-15     4.8724e-15            9.717e-16             4.2717e-21            2.14352e-36           0.15687               0               
400    8.68896e-26     3.63024e-28           3.80709e-25           2.65576e-28           6.55504e-41           0.438793              0               
401    0.00875693      0.0159208             0.000220487           1.12643e-07           5.92385e-17           0.0442212             0.057337        
402    0.00875693      0.0159208             0.000220487           1.12643e-07           5.92385e-17           0.0442212             0.057337        
403    9.41051e-35     1.12061e-44           2.95971e-36           4.10019e-34           2.6935e-38            1.04016               0               
404    1.62501e-10     7.05333e-10           7.84517e-12           1.58407e-17           1.23312e-34           0.104383              0               
405    1.33826e-06     5.87315e-06           1.45111e-10           3.47546e-19           3.75855e-41           0.100673              0               
406    1.33826e-06     5.87315e-06           1.45111e-10           3.47546e-19           3.75855e-41           0.100673              0               
407    3.03635e-06     1.33236e-05           2.22273e-09           9.72531e-17           5.24767e-37           0.100721              0               
408    1.10403e-05     4.84497e-05           3.54338e-09           4.30631e-17           2.59238e-38           0.10069               0               
409    3.11265e-43     2.98759e-51           4.81304e-43           8.84767e-43           1.14729e-52           0.830985              0               
410    3.57116e-17     1.41584e-16           1.51464e-17           5.02699e-23           2.62637e-41           0.133332              0               
411    9.05095e-11     3.61737e-10           3.54831e-11           4.70252e-15           1.87806e-26           0.130871              0               
412    0.0019544       0.000119077           0.000860898           0.00254658            0.00505085            2.00725               0               
413    6.16216e-39     4.25633e-45           1.10934e-38           1.59509e-38           1.63211e-46           0.795936              0               
414    2.92648e-15     9.51721e-15           3.3259e-15            5.51401e-19           2.69977e-31           0.188239              0               
415    3.88281e-17     1.67004e-16           3.40308e-18           1.9433e-24            5.92606e-41           0.107416              0               
416    1.57051e-38     7.88199e-49           9.82933e-40           6.79428e-38           5.69905e-44           1.03575               0               
417    5.90595e-65     1.99926e-90           2.42969e-73           5.63289e-66           2.53565e-64           2.76676               0               
418    1.25463e-07     5.20139e-10           2.83828e-08           1.54524e-07           3.67199e-07           2.1864                0               
419    1.29409e-75     5.85535e-112          2.372e-89             4.85017e-79           5.67898e-75           2.80487               0               
420    3.28229e-51     1.72337e-69           1.20799e-55           1.415e-50             2.55038e-52           1.07555               0               
421    1.62741e-39     3.98309e-50           1.07721e-41           7.09119e-39           4.03739e-41           1.05343               0               
422    3.78917e-46     3.39089e-60           3.44059e-48           1.65953e-45           5.50319e-51           1.04314               0               
423    0.0646          0.0646                0.0646                0.0646                0.0646                1                     0.0646          
424    0.053052        0.053052              0.053052              0.053052              0.053052              1                     0.053052        
425    0.022355        0.022355              0.022355              0.022355              0.022355              1                     0.022355        
426    4.64151e-48     1.05502e-62           8.95929e-52           1.59563e-47           4.4133e-48            1.4258                0               
427    3.85446e-43     9.14546e-55           9.75993e-45           1.68187e-42           2.60275e-48           1.0409                0               
428    1.59651e-27     2.71358e-35           3.59616e-28           6.64707e-27           1.36924e-32           1.0133                0               
429    3.2593e-17      1.2298e-16            2.00623e-17           7.89089e-22           2.00823e-36           0.14808               0               
430    1.04272e-24     7.50763e-29           4.55463e-24           2.15515e-26           1.09734e-38           0.44154               0               
431    6.71674e-23     2.4988e-24            2.91113e-22           1.17036e-24           6.89978e-36           0.438233              0               
432    4.02831e-65     8.67023e-90           4.70179e-72           7.14162e-65           1.05377e-64           2.09381               0               
433    1.05405e-54     8.09334e-71           5.79342e-58           4.62471e-54           6.93043e-58           1.04458               0               
434    3.01229e-67     4.42639e-105          1.54579e-82           5.12796e-72           1.32202e-66           2.80501               0               
435    8.91402e-30     1.23822e-31           3.83896e-29           6.08068e-31           4.3534e-41            0.447038              0               
436    1.94378e-20     1.0203e-20            7.51032e-20           1.60897e-24           4.96685e-39           0.398276              0               
437    2.07507e-62     8.48908e-93           1.25022e-74           4.44799e-66           9.10654e-62           2.80493               0               
438    8.50772e-63     3.706e-91             5.0046e-74            3.57841e-66           3.73348e-62           2.80485               0               
439    3.81086e-63     8.67587e-94           4.96548e-75           2.34899e-66           1.67226e-62           2.80477               0               
440    4.29126e-14     6.39982e-22           6.51988e-18           1.23508e-15           1.87092e-13           2.79339               0               
441    1.62001e-13     6.4266e-19            1.99437e-15           8.85842e-14           6.20405e-13           2.57902               0               
442    1.88416e-23     4.40025e-36           8.83416e-30           3.08422e-26           8.26604e-23           2.80436               0               
443    1.24452e-22     8.91547e-35           3.96125e-28           1.143e-24             5.45047e-22           2.80133               0               
444    1.45238e-31     4.28146e-45           4.56706e-36           2.964e-32             6.07773e-31           2.72313               0               
445    1.48365e-25     5.36194e-27           6.45129e-25           6.48414e-28           6.66398e-41           0.436513              0               
446    1.85594e-68     3.33445e-93           4.88646e-75           4.64338e-68           3.5019e-68            1.80134               0               
447    1.13531e-17     2.79043e-17           2.19217e-17           1.73972e-22           1.74281e-37           0.249388              0               
448    4.5853e-61      1.00185e-82           8.39103e-67           1.13446e-60           8.77916e-61           1.81248               0               
449    9.88941e-25     1.97634e-25           4.14177e-24           8.26204e-28           4.4467e-43            0.423416              0               
450    7.10375e-28     9.50128e-31           2.96925e-27           1.47467e-28           9.49939e-38           0.46724               0               
451    8.70394e-58     4.65051e-81           1.15304e-65           7.18722e-59           3.74809e-57           2.77189               0               
452    8.4251e-59      6.91448e-80           2.00713e-64           1.96616e-58           1.73142e-58           1.86882               0               
453    6.98584e-68     2.58003e-98           8.12136e-79           3.93041e-70           3.06199e-67           2.80276               0               
454    0.0109704       0.0252695             0.00213166            2.9128e-05            3.70239e-10           0.0728885             0.053287        
455    1.90496e-21     1.25078e-32           1.45012e-26           2.17756e-23           8.33862e-21           2.80043               0               
456    1.11452e-07     2.66365e-08           2.05264e-07           2.3713e-07            2.0109e-08            0.811202              0               
457    2.49759e-17     2.53201e-22           2.57947e-18           7.84856e-17           2.85482e-17           1.48868               0               
458    3.93919e-21     1.55033e-31           3.46339e-25           3.26448e-22           1.69614e-20           2.77173               0               
459    0.0174139       0.0409375             0.00464181            0.000107833           6.09267e-09           0.0820401             0.079066        
460    2.34117e-05     8.19193e-05           2.04958e-05           3.33254e-07           1.13325e-12           0.171154              0               
461    3.53509e-17     6.85466e-25           4.7854e-20            1.66687e-17           1.3843e-16            2.61513               0               
462    7.25818e-10     1.5857e-12            5.11035e-10           2.46785e-09           2.04976e-10           1.06004               0               
463    3.15779e-38     5.67747e-50           7.79352e-41           1.36498e-37           2.01176e-39           1.0696                0               
464    8.64298e-07     2.74567e-09           1.51456e-07           9.20907e-07           2.71809e-06           2.28114               0               
465    2.40234e-42     2.37554e-55           5.21882e-45           1.05106e-41           2.74398e-44           1.04867               0               
466    5.48233e-25     4.24247e-28           2.3244e-24            8.1243e-26            7.97806e-35           0.459085              0               
467    3.17707e-60     9.51424e-77           7.85599e-64           1.38312e-59           1.11411e-61           1.05842               0               
468    1.73088e-54     7.39537e-72           2.38795e-58           7.5465e-54            4.96856e-56           1.05588               0               
469    8.09737e-55     2.62912e-69           4.44663e-57           3.5493e-54            2.40861e-60           1.04363               0               
470    7.32937e-67     1.42039e-103          1.34539e-81           2.13554e-71           3.21667e-66           2.80501               0               
471    9.06123e-57     1.6237e-74            8.55788e-61           3.96326e-56           1.34171e-58           1.05031               0               
472    7.66539e-35     3.30439e-42           1.56302e-35           3.20779e-34           7.24249e-39           1.01628               0               
473    1.01977e-22     1.80648e-24           4.35019e-22           1.0726e-23            7.92506e-32           0.451845              0               
474    5.86356e-06     4.45453e-08           1.92779e-06           8.2406e-06            1.55209e-05           2.05927               0               
475    8.44264e-27     2.79667e-32           2.37557e-27           3.46516e-26           2.55757e-29           1.00677               0               
476    2.92078e-17     1.49951e-21           6.25807e-18           9.15685e-17           3.03581e-17           1.43177               0               
477    0.00179466      0.000334922           0.00130005            0.00250281            0.00373855            1.73998               0               
478    0.00171987      0.000479223           0.00161259            0.00255821            0.0028981             1.53106               0               
479    0.0324807       0.0559165             0.0357493             0.0187071             0.00706287            0.42554               0.0646          
480    6.14794e-62     1.7033e-93            4.5606e-74            3.28823e-65           2.69786e-61           2.80481               0               
481    8.17915e-30     2.61694e-35           4.07432e-30           3.18206e-29           1.41887e-33           0.975709              0               
482    6.57798e-07     4.25843e-09           1.84571e-07           9.29594e-07           1.7685e-06            2.08282               0               
483    7.32887e-55     1.87502e-79           6.78432e-65           5.57095e-58           3.21591e-54           2.80472               0               
484    3.89804e-45     1.24421e-63           4.83405e-49           1.71003e-44           6.7821e-48            1.04507               0               
485    1.4178e-54      6.45615e-70           1.35532e-57           6.22064e-54           4.14809e-58           1.04437               0               
486    1.98546e-28     1.05202e-32           8.62159e-28           9.20066e-30           5.50271e-41           0.445085              0               
487    1.22276e-07     4.1845e-07            1.17805e-07           3.859e-10             2.12127e-18           0.175549              0               
488    1.33153e-31     4.19944e-37           4.98315e-31           8.6062e-32            1.02981e-40           0.527894              0               
489    1.64519e-07     7.2152e-07            5.16322e-10           5.85728e-17           2.38909e-36           0.100907              0               
490    8.65052e-06     3.79637e-05           1.46113e-09           7.40764e-18           4.94295e-39           0.100678              0               
491    0.00886559      0.0163694             0.000248778           1.49918e-07           1.2614e-16            0.0451597             0.057337        
492    0.00820963      0.00529129            6.83884e-07           1.25437e-13           3.95808e-31           0.0147917             0.079066        
493    0.00582429      0.00177009            1.47576e-08           2.87382e-17           6.36356e-39           0.00697115            0.061197        
494    0.00528672      0.00248589            9.53597e-08           1.97106e-15           1.23299e-35           0.0107871             0.053287        
495    0.00757024      0.0156174             0.000484393           9.90603e-07           1.92186e-14           0.053746              0.04404         
496    0.00611955      0.00622729            5.1803e-06            2.35928e-11           1.68299e-25           0.0234254             0.053052        
