Note : P(D|M) is the probability of site D given the model M (i.e., the site likelihood)
P(D|M,rr[x]) is the probability of site D given the model M and the relative rate
of evolution rr[x], where x is the class of rate to be considered.
We have P(D|M) = \sum_x P(x) x P(D|M,rr[x]).


Site   P(D|M)          P(D|M,rr[1]=0.0921)   P(D|M,rr[2]=0.4005)   P(D|M,rr[3]=0.9524)   P(D|M,rr[4]=2.5550)   Posterior mean        P(D|M,rr[0]=0)  
1      0.0116602       0.012272              1.32849e-05           1.24371e-10           2.95604e-23           0.0243507             0.099081        
2      0.00809056      0.00446932            3.42244e-07           2.66992e-14           9.58325e-33           0.0127253             0.079066        
3      8.60131e-44     6.77085e-57           5.21937e-46           3.77325e-43           7.94907e-48           1.04514               0               
4      2.92937e-41     9.51572e-51           1.75144e-41           1.11172e-40           1.11476e-49           0.963456              0               
5      6.17368e-23     1.59083e-25           2.50904e-22           2.01462e-23           7.34283e-32           0.484713              0               
6      0.00861534      0.0151346             0.00017955            7.09841e-08           1.92141e-17           0.0425429             0.057337        
7      4.06165e-15     6.64191e-15           1.1195e-14            5.89196e-18           1.21195e-29           0.314002              0               
8      0.00145421      0.00130362            6.07721e-07           7.03454e-13           6.82493e-30           0.0206855             0.012937        
9      0.00194807      0.00374139            7.45945e-05           6.91813e-08           1.27589e-16           0.0480701             0.012066        
10     0.00861534      0.0151346             0.00017955            7.09841e-08           1.92141e-17           0.0425429             0.057337        
11     5.65444e-08     2.48339e-07           5.97562e-11           2.64687e-18           3.17109e-36           0.101245              0               
12     1.36598e-07     5.92504e-07           7.57017e-09           1.46197e-13           5.2498e-27            0.105437              0               
13     2.9305e-05      0.000128478           2.58566e-07           1.05888e-12           1.80859e-27           0.101844              0               
14     4.14582e-17     6.90259e-17           1.13097e-16           2.23613e-21           1.8838e-37            0.311521              0               
15     5.9015e-09      2.58946e-08           3.06608e-11           3.50203e-18           7.1188e-36            0.101564              0               
16     1.37602e-20     1.48318e-20           4.56141e-20           2.52831e-24           2.31884e-39           0.356806              0               
17     3.57288e-21     4.19365e-21           1.1502e-20            1.57256e-26           5.07926e-47           0.34939               0               
18     1.2983e-08      5.6964e-08            7.03767e-11           2.3697e-17            3.0711e-35            0.101581              0               
19     3.13348e-23     1.3575e-26            1.1136e-22            2.62799e-23           3.40037e-31           0.555562              0               
20     1.76143e-14     4.27801e-14           3.45936e-14           5.61388e-18           9.99911e-31           0.252666              0               
21     9.15237e-17     2.65128e-16           1.36932e-16           1.91101e-21           2.22719e-37           0.216531              0               
22     1.06308e-20     1.63906e-22           4.6314e-20            2.22879e-22           1.20173e-33           0.441597              0               
23     3.67096e-50     1.02687e-66           1.72461e-53           1.61234e-49           1.32177e-53           1.04602               0               
24     1.23314e-45     7.20067e-58           1.74199e-47           5.39974e-45           4.64947e-51           1.04399               0               
25     1.88668e-28     1.39981e-33           4.33221e-28           3.95595e-28           6.29082e-36           0.729159              0               
26     1.41181e-15     1.16738e-16           5.36522e-15           7.20115e-16           1.06817e-21           0.503885              0               
27     4.80346e-42     1.02288e-55           8.23284e-45           2.10867e-41           6.606e-45             1.04625               0               
28     1.6823e-49      9.32775e-66           8.19746e-53           7.38811e-49           1.40751e-52           1.04621               0               
29     1.2839e-64      1.63287e-88           9.21725e-71           4.68293e-64           9.5721e-65            1.34464               0               
30     2.89722e-33     1.45949e-37           1.26159e-32           1.11419e-34           2.59957e-46           0.445195              0               
31     6.40392e-26     9.79723e-28           2.7503e-25            5.3135e-27            7.01166e-37           0.45016               0               
32     1.06238e-39     8.7838e-47            3.56256e-39           1.10448e-39           1.04925e-49           0.583318              0               
33     2.89154e-10     1.26868e-09           1.57685e-12           9.15669e-20           1.81843e-40           0.101584              0               
34     0.00412839      0.00163944            3.51484e-08           2.46792e-16           3.88022e-38           0.00914569            0.041977        
35     0.00804137      0.00718944            3.70027e-06           7.88462e-12           1.11442e-26           0.0206347             0.071586        
36     6.74093e-11     2.94391e-10           1.73731e-12           6.79896e-19           1.62407e-35           0.10315               0               
37     3.09657e-09     1.35978e-08           5.45216e-12           1.26474e-19           2.34029e-38           0.101299              0               
38     0.00225587      0.00112468            5.32471e-08           1.21201e-15           6.07039e-37           0.0114833             0.022355        
39     0.00412839      0.00163944            3.51484e-08           2.46792e-16           3.88022e-38           0.00914569            0.041977        
40     1.18338e-06     4.73846e-06           4.5886e-07            1.25134e-09           1.2833e-17            0.131289              0               
41     1.46416e-62     1.19409e-81           1.62723e-67           4.31408e-62           2.11794e-62           1.62549               0               
42     0.00660335      0.00183442            1.43612e-08           5.10849e-17           1.49671e-36           0.00639752            0.069147        
43     0.00412839      0.00163944            3.51484e-08           2.46792e-16           3.88022e-38           0.00914569            0.041977        
44     4.6124e-67      2.79382e-96           6.99664e-76           1.64981e-67           1.86124e-66           2.66268               0               
45     1.24531e-48     2.56965e-62           6.23716e-51           5.46438e-48           3.69039e-53           1.04526               0               
46     4.67136e-15     8.92475e-15           1.15912e-14           5.27776e-18           4.97937e-29           0.292734              0               
47     6.16217e-86     1.44038e-142          1.05649e-111          3.83627e-96           2.70704e-85           2.80599               0               
48     0.079066        0.079066              0.079066              0.079066              0.079066              1                     0.079066        
49     0.055941        0.055941              0.055941              0.055941              0.055941              1                     0.055941        
50     0.055941        0.055941              0.055941              0.055941              0.055941              1                     0.055941        
51     0.055941        0.055941              0.055941              0.055941              0.055941              1                     0.055941        
52     0.04404         0.04404               0.04404               0.04404               0.04404               1                     0.04404         
53     0.057337        0.057337              0.057337              0.057337              0.057337              1                     0.057337        
54     0.079066        0.079066              0.079066              0.079066              0.079066              1                     0.079066        
55     0.057337        0.057337              0.057337              0.057337              0.057337              1                     0.057337        
56     0.057337        0.057337              0.057337              0.057337              0.057337              1                     0.057337        
57     0.062157        0.062157              0.062157              0.062157              0.062157              1                     0.062157        
58     0.057337        0.057337              0.057337              0.057337              0.057337              1                     0.057337        
59     0.055941        0.055941              0.055941              0.055941              0.055941              1                     0.055941        
60     0.057337        0.057337              0.057337              0.057337              0.057337              1                     0.057337        
61     0.012937        0.012937              0.012937              0.012937              0.012937              1                     0.012937        
62     0.055941        0.055941              0.055941              0.055941              0.055941              1                     0.055941        
63     0.069147        0.069147              0.069147              0.069147              0.069147              1                     0.069147        
64     1.50249e-62     1.58796e-91           1.30258e-72           2.26308e-64           6.57777e-62           2.79996               0               
65     2.57482e-42     3.35714e-47           1.12986e-41           1.25206e-44           2.32681e-62           0.440563              0               
66     5.21008e-50     9.25138e-68           1.43008e-54           1.9453e-49            3.43467e-50           1.31006               0               
67     3.3656e-46      6.53677e-58           5.01985e-47           1.4283e-45            3.30232e-54           1.02536               0               
68     1.54167e-74     5.32773e-114          8.62348e-90           8.65948e-79           6.77247e-74           2.80597               0               
69     2.03857e-31     3.05075e-35           8.16915e-31           7.85939e-32           6.48189e-41           0.493069              0               
70     1.80389e-34     3.79815e-41           7.04757e-34           8.76895e-35           1.943e-45             0.506956              0               
71     8.76016e-15     7.41451e-18           6.11091e-15           3.07573e-14           1.60769e-15           1.02305               0               
72     6.60409e-69     5.65956e-103          5.51813e-83           1.5826e-73            2.90115e-68           2.80598               0               
73     3.90075e-86     1.70136e-127          1.0555e-102           2.49863e-91           1.71359e-85           2.80599               0               
74     1.29234e-90     2.86906e-145          6.80966e-116          5.44234e-101          5.67722e-90           2.80599               0               
75     0.057337        0.057337              0.057337              0.057337              0.057337              1                     0.057337        
76     0.055941        0.055941              0.055941              0.055941              0.055941              1                     0.055941        
77     0.099081        0.099081              0.099081              0.099081              0.099081              1                     0.099081        
78     0.057337        0.057337              0.057337              0.057337              0.057337              1                     0.057337        
79     0.057337        0.057337              0.057337              0.057337              0.057337              1                     0.057337        
80     0.057337        0.057337              0.057337              0.057337              0.057337              1                     0.057337        
81     0.000963423     0.000129193           0.000534296           0.00116103            0.00240778            1.9419                0               
82     2.93453e-68     1.0928e-108           7.1192e-87            5.31212e-76           1.28913e-67           2.80599               0               
83     1.14421e-46     4.4615e-72            2.84014e-56           5.32875e-49           5.02118e-46           2.80413               0               
84     3.92717e-06     1.23476e-07           1.62166e-06           4.97851e-06           1.05283e-05           2.05632               0               
85     2.50782e-08     1.76145e-11           1.02119e-09           8.95443e-09           1.00175e-07           2.64057               0               
86     5.49071e-54     8.8002e-77            5.99106e-62           2.36748e-55           2.38839e-53           2.78872               0               
87     1.85416e-68     4.05562e-105          2.5445e-84            4.49385e-74           8.14531e-68           2.80599               0               
88     4.60592e-07     2.80864e-10           2.20015e-08           2.32989e-07           1.76811e-06           2.57722               0               
89     0.000426095     7.92069e-05           0.000301033           0.000568435           0.000923157           1.77652               0               
90     0.000911675     9.00982e-05           0.000419786           0.00104458            0.00245052            2.03808               0               
91     0.000355967     6.3504e-05            0.00024079            0.000465393           0.000794073           1.808                 0               
92     1.40736e-05     6.17819e-05           4.33976e-08           3.06831e-14           1.07724e-30           0.101401              0               
93     3.07427e-31     4.84005e-35           1.15449e-30           1.95983e-31           2.2865e-40            0.527828              0               
94     6.80301e-29     4.90858e-33           2.43573e-28           5.52774e-29           1.15104e-37           0.551984              0               
95     6.03549e-45     5.21987e-55           3.00324e-45           2.35106e-44           1.01081e-53           0.977292              0               
96     3.1791e-74      2.42287e-110          2.81144e-89           4.67145e-79           1.39657e-73           2.80599               0               
97     1.75539e-29     5.93852e-35           7.51689e-29           1.94523e-30           2.68044e-42           0.45518               0               
98     4.8779e-86      1.45777e-139          2.98589e-110          1.40906e-95           2.14286e-85           2.80599               0               
99     9.18731e-75     5.35454e-122          2.18827e-95           2.01087e-82           4.03597e-74           2.80599               0               
100    9.95544e-28     4.97721e-33           6.60389e-28           3.71296e-27           5.5498e-32            0.954447              0               
101    1.21812e-15     3.16488e-15           2.18604e-15           2.7151e-19            2.30797e-32           0.239587              0               
102    1.26254e-09     5.54533e-09           9.86179e-13           2.68979e-20           1.15823e-38           0.101223              0               
103    5.63769e-06     2.47654e-05           8.82064e-10           7.85312e-18           6.063e-37             0.101175              0               
104    1.4288e-26      1.63901e-29           6.26957e-26           5.4834e-29            7.20178e-42           0.440334              0               
105    2.97226e-09     1.28453e-08           2.11818e-10           7.60348e-15           4.24129e-27           0.106659              0               
106    0.00721707      0.0140843             0.000312561           3.56085e-07           1.33063e-15           0.049289              0.04404         
107    0.00799347      0.00404292            2.21953e-07           9.66046e-15           7.01568e-34           0.01165               0.079066        
108    0.00483783      0.00462525            3.05561e-06           8.93914e-12           1.36718e-26           0.0220797             0.042302        
109    0.057337        0.057337              0.057337              0.057337              0.057337              1                     0.057337        
110    0.057337        0.057337              0.057337              0.057337              0.057337              1                     0.057337        
111    0.04404         0.04404               0.04404               0.04404               0.04404               1                     0.04404         
112    0.055941        0.055941              0.055941              0.055941              0.055941              1                     0.055941        
113    0.061197        0.061197              0.061197              0.061197              0.061197              1                     0.061197        
114    0.055941        0.055941              0.055941              0.055941              0.055941              1                     0.055941        
115    0.04404         0.04404               0.04404               0.04404               0.04404               1                     0.04404         
116    0.057337        0.057337              0.057337              0.057337              0.057337              1                     0.057337        
117    0.057337        0.057337              0.057337              0.057337              0.057337              1                     0.057337        
118    0.04404         0.04404               0.04404               0.04404               0.04404               1                     0.04404         
119    0.079066        0.079066              0.079066              0.079066              0.079066              1                     0.079066        
120    0.079066        0.079066              0.079066              0.079066              0.079066              1                     0.079066        
121    0.04404         0.04404               0.04404               0.04404               0.04404               1                     0.04404         
122    0.04404         0.04404               0.04404               0.04404               0.04404               1                     0.04404         
123    0.061197        0.061197              0.061197              0.061197              0.061197              1                     0.061197        
124    0.099081        0.099081              0.099081              0.099081              0.099081              1                     0.099081        
125    0.053287        0.053287              0.053287              0.053287              0.053287              1                     0.053287        
126    0.061197        0.061197              0.061197              0.061197              0.061197              1                     0.061197        
127    0.055941        0.055941              0.055941              0.055941              0.055941              1                     0.055941        
128    0.057337        0.057337              0.057337              0.057337              0.057337              1                     0.057337        
129    0.055941        0.055941              0.055941              0.055941              0.055941              1                     0.055941        
130    0.061197        0.061197              0.061197              0.061197              0.061197              1                     0.061197        
131    0.069147        0.069147              0.069147              0.069147              0.069147              1                     0.069147        
132    0.00845151      0.0144477             0.000146792           4.40699e-08           5.44484e-18           0.041107              0.057337        
133    8.49865e-07     3.73248e-06           9.65603e-10           1.15263e-16           3.36132e-35           0.101251              0               
134    1.38221e-28     4.13455e-31           6.06722e-28           6.81014e-32           9.12127e-49           0.43973               0               
135    2.14135e-32     4.03537e-38           7.46994e-32           1.93698e-32           1.58661e-41           0.564684              0               
136    3.83315e-33     2.00125e-39           9.6713e-33            7.16769e-33           1.95603e-42           0.697863              0               
137    0.00804137      0.00718944            3.70027e-06           7.88462e-12           1.11442e-26           0.0206347             0.071586        
138    1.02087e-06     4.48466e-06           1.66774e-11           8.97707e-22           9.52415e-50           0.101164              0               
139    6.50033e-53     6.07271e-66           1.62285e-54           2.83936e-52           6.92198e-60           1.0425                0               
140    2.05337e-65     2.00361e-98           5.43853e-79           9.9336e-70            9.02031e-65           2.80597               0               
141    2.08136e-22     1.89385e-24           8.99575e-22           1.28709e-23           4.63463e-33           0.447723              0               
142    2.19823e-52     1.51128e-70           1.96485e-56           9.65148e-52           5.10685e-55           1.04686               0               
143    2.9896e-60      2.06412e-89           5.33409e-70           1.25668e-61           1.30076e-59           2.78915               0               
144    6.78388e-47     2.02718e-62           7.35035e-50           2.97905e-46           3.67627e-50           1.04601               0               
145    1.82982e-51     1.93478e-68           1.50615e-55           7.74494e-51           2.93306e-52           1.11015               0               
146    9.55764e-35     1.48938e-38           4.17895e-34           1.95573e-36           5.45473e-49           0.442704              0               
147    1.05106e-49     4.61039e-63           1.69542e-51           4.60035e-49           1.22274e-56           1.04371               0               
148    7.86405e-28     1.82983e-30           3.45175e-27           1.09045e-30           4.20174e-45           0.439905              0               
149    1.38471e-07     6.08206e-07           9.53638e-11           2.09525e-18           4.82609e-37           0.101216              0               
150    0.00589183      0.00503176            2.12442e-06           3.08879e-12           1.11524e-27           0.0197028             0.053052        
151    4.85219e-07     2.13143e-06           1.36889e-10           1.34509e-18           3.25951e-40           0.101185              0               
152    0.00518406      0.00183226            2.65483e-08           1.05939e-16           8.59608e-39           0.00813968            0.053287        
153    0.00143135      0.0012034             4.29285e-07           3.08196e-13           7.53637e-31           0.0193908             0.012937        
154    0.00721707      0.0140843             0.000312561           3.56085e-07           1.33063e-15           0.049289              0.04404         
155    6.09335e-07     2.49292e-06           1.83583e-07           3.02889e-10           6.54434e-19           0.124501              0               
156    0.00660537      0.00184326            1.46646e-08           5.36921e-17           1.71182e-36           0.00642639            0.069147        
157    9.59277e-24     6.67724e-25           4.14726e-23           6.17815e-28           8.25721e-46           0.434535              0               
158    5.08539e-08     2.2261e-07            7.91091e-10           1.69336e-15           2.64515e-31           0.102363              0               
159    0.00660335      0.00183442            1.43612e-08           5.10848e-17           1.49671e-36           0.00639752            0.069147        
160    0.00191124      0.00359175            6.24706e-05           4.5399e-08            4.13771e-17           0.0465552             0.012066        
161    5.76066e-45     8.0485e-53            1.1677e-44            1.36295e-44           9.15974e-56           0.766296              0               
162    2.59896e-38     1.77655e-44           1.0169e-37            1.24824e-38           1.01258e-50           0.506152              0               
163    3.64111e-13     1.59371e-12           5.82225e-15           1.04222e-21           4.20359e-39           0.102396              0               
164    2.59806e-19     1.21442e-20           1.12507e-18           4.11342e-21           3.75858e-32           0.438473              0               
165    7.6139e-46      1.07729e-58           1.28013e-47           3.33198e-45           1.18812e-51           1.04362               0               
166    3.18057e-29     7.62989e-32           1.39546e-28           9.96569e-32           4.95211e-47           0.44014               0               
167    2.2179e-44      1.41193e-56           4.97872e-46           9.6934e-44            4.20835e-50           1.04284               0               
168    1.00365e-58     5.98676e-84           2.90135e-66           4.90235e-59           3.9188e-58            2.6103                0               
169    2.99866e-52     1.8851e-67            2.94451e-55           1.31669e-51           3.27901e-55           1.04624               0               
170    1.50495e-58     4.21333e-88           7.52332e-70           1.69334e-61           6.60954e-58           2.80554               0               
171    5.92926e-56     6.24237e-74           6.68096e-60           2.60452e-55           1.28635e-59           1.04601               0               
172    3.07156e-06     1.34924e-05           8.72993e-10           8.67277e-18           2.14218e-39           0.101185              0               
173    6.19986e-33     4.41226e-36           2.72245e-32           7.03693e-36           3.21157e-52           0.439995              0               
174    0.069147        0.069147              0.069147              0.069147              0.069147              1                     0.069147        
175    0.04404         0.04404               0.04404               0.04404               0.04404               1                     0.04404         
176    0.055941        0.055941              0.055941              0.055941              0.055941              1                     0.055941        
177    0.079066        0.079066              0.079066              0.079066              0.079066              1                     0.079066        
178    0.055941        0.055941              0.055941              0.055941              0.055941              1                     0.055941        
179    0.055941        0.055941              0.055941              0.055941              0.055941              1                     0.055941        
180    7.34102e-30     2.15188e-36           2.86433e-29           3.60575e-30           2.88843e-41           0.507655              0               
181    7.26686e-12     3.18709e-11           5.23584e-14           2.6771e-21            1.28074e-39           0.101719              0               
182    0.00225587      0.00112468            5.32471e-08           1.21201e-15           6.07039e-37           0.0114833             0.022355        
183    1.50054e-05     6.31564e-05           2.76037e-06           1.93456e-09           6.11977e-19           0.115375              0               
184    5.4306e-06      2.38402e-05           1.64139e-08           1.12085e-14           3.69001e-31           0.101396              0               
185    2.01577e-38     5.14095e-48           5.46351e-40           8.79782e-38           2.81067e-41           1.04276               0               
186    3.86392e-73     7.6053e-104           7.98859e-83           4.78084e-74           1.64961e-72           2.75642               0               
187    0.00225587      0.00112468            5.32471e-08           1.21201e-15           6.07039e-37           0.0114833             0.022355        
188    0.00804137      0.00718944            3.70027e-06           7.88462e-12           1.11442e-26           0.0206347             0.071586        
189    0.00804137      0.00718944            3.70027e-06           7.88462e-12           1.11442e-26           0.0206347             0.071586        
190    5.53618e-12     2.41787e-11           1.41634e-13           2.2771e-20            1.94908e-40           0.103136              0               
191    1.53948e-39     2.76062e-51           2.10902e-40           6.552e-39             5.37218e-47           1.02704               0               
192    7.40982e-06     3.25427e-05           8.54211e-09           1.02906e-15           2.64603e-34           0.101252              0               
193    0.00518406      0.00183226            2.65483e-08           1.05939e-16           8.59608e-39           0.00813968            0.053287        
194    2.41972e-31     1.89606e-34           1.05697e-30           5.82291e-33           2.04944e-45           0.443152              0               
195    0.00575783      0.00124432            3.39843e-09           1.03546e-18           1.99024e-42           0.00497669            0.061197        
196    1.25454e-17     3.47463e-17           2.03642e-17           1.36443e-21           6.71686e-36           0.22635               0               
197    1.01179e-19     2.82716e-19           1.61759e-19           2.63002e-24           3.64973e-40           0.224443              0               
198    1.95198e-67     3.31647e-105          4.0104e-83            1.61241e-72           8.57499e-67           2.80599               0               
199    1.41436e-69     1.01351e-93           8.79808e-77           9.02565e-70           5.3107e-69            2.55032               0               
200    5.05006e-10     1.95742e-09           2.61022e-10           4.82863e-14           6.11032e-26           0.141038              0               
201    5.81474e-34     6.15811e-44           8.83189e-35           2.46609e-33           8.50504e-40           1.02499               0               
202    5.49812e-29     4.88458e-33           2.40738e-28           7.88547e-31           1.41509e-43           0.441865              0               
203    2.36237e-29     5.34411e-33           1.03422e-28           3.51168e-31           1.96342e-43           0.441926              0               
204    7.37124e-18     2.96151e-17           2.76658e-18           6.65216e-23           9.26995e-37           0.130105              0               
205    1.77433e-43     2.10692e-54           2.49109e-44           7.54548e-43           1.441e-50             1.02657               0               
206    2.35758e-40     4.30229e-50           3.68398e-40           6.67286e-40           1.40073e-52           0.830366              0               
207    1.08748e-80     9.50656e-126          8.942e-100            2.22394e-87           4.77727e-80           2.80599               0               
208    8.79409e-17     2.43675e-17           3.61649e-16           3.06338e-19           2.63991e-31           0.419008              0               
209    4.70027e-09     2.0622e-08            2.61992e-11           9.07239e-18           1.09042e-35           0.101593              0               
210    9.70911e-51     1.67309e-66           1.22838e-53           4.26394e-50           3.18273e-55           1.04578               0               
211    7.8317e-27      1.01301e-28           3.33564e-26           9.46894e-28           7.78439e-37           0.455575              0               
212    7.56495e-16     3.21436e-15           1.08911e-16           1.00474e-22           2.39965e-39           0.112264              0               
213    4.3573e-39      3.26418e-46           7.19367e-39           1.19479e-38           3.23372e-48           0.818179              0               
214    1.8204e-56      1.60755e-78           6.24514e-62           7.72335e-56           2.73648e-57           1.10617               0               
215    6.60948e-08     2.8095e-07            9.40301e-09           8.15418e-13           4.16938e-25           0.112135              0               
216    4.90889e-20     5.10234e-20           1.64623e-19           8.00536e-25           3.69039e-41           0.35975               0               
217    6.717e-28       7.11296e-31           2.74256e-27           2.07501e-28           5.2403e-37            0.482429              0               
218    2.43457e-57     7.72991e-73           1.59149e-60           1.06897e-56           3.76289e-60           1.04647               0               
219    8.35278e-11     3.56213e-13           5.05669e-11           2.55219e-10           6.07949e-11           1.25311               0               
220    4.0626e-46      3.99506e-60           1.35801e-49           1.66073e-45           1.2383e-46            1.16801               0               
221    4.29412e-06     9.94828e-07           7.43428e-06           8.9753e-06            1.45962e-06           0.893459              0               
222    2.79001e-08     4.99659e-11           3.40611e-09           2.73409e-08           9.17677e-08           2.34651               0               
223    6.3463e-05      1.36368e-05           0.000107872           0.000136721           2.05621e-05           0.895043              0               
224    0.0315416       0.0521318             0.0379505             0.0216012             0.00434549            0.4096                0.057337        
225    0.000378028     0.000434677           0.000792431           0.000414041           1.95249e-05           0.53015               0               
226    0.0214212       0.0467535             0.0191754             0.00405972            6.48346e-05           0.186954              0.061197        
227    2.2726e-28      1.43199e-32           2.52908e-28           7.45421e-28           9.18614e-33           0.892415              0               
228    2.94652e-12     2.53159e-15           1.03438e-12           8.16774e-12           3.73938e-12           1.50578               0               
229    5.42455e-08     2.90768e-09           4.81457e-08           1.332e-07             5.40467e-08           1.31115               0               
230    6.02696e-56     5.1187e-74            4.25228e-60           2.64558e-55           2.01359e-58           1.04727               0               
231    1.33757e-47     2.24758e-64           2.59841e-51           5.85436e-47           2.13131e-49           1.0523                0               
232    2.48064e-55     2.88894e-78           9.28774e-62           3.83644e-55           7.061e-55             2.18637               0               
233    6.71423e-39     1.83464e-48           6.48193e-40           2.88473e-38           3.28101e-44           1.03262               0               
234    4.6038e-17      2.509e-17             1.76959e-16           1.95406e-19           6.1787e-31            0.398457              0               
235    1.42608e-45     1.89234e-60           1.11901e-47           6.25356e-45           3.51195e-53           1.04486               0               
236    1.6339e-74      6.00893e-116          5.28933e-91           2.03293e-79           7.17767e-74           2.80599               0               
237    4.83074e-26     2.10568e-28           2.10527e-25           1.4764e-27            5.72942e-39           0.443773              0               
238    7.69985e-10     3.14167e-09           2.40852e-10           1.61031e-14           1.39161e-27           0.125287              0               
239    0.000372714     6.87359e-05           0.000257903           0.000491798           0.000818892           1.79109               0               
240    1.00246e-66     1.08979e-94           2.60486e-75           2.50644e-67           4.15315e-66           2.70582               0               
241    0.04404         0.04404               0.04404               0.04404               0.04404               1                     0.04404         
242    6.02021e-75     4.01607e-100          1.35508e-81           2.04533e-74           5.99339e-75           1.4448                0               
243    7.25842e-22     8.56468e-22           2.33205e-21           9.9189e-26            3.52102e-41           0.348928              0               
244    1.92359e-67     2.13748e-89           3.74708e-72           8.44984e-67           4.16868e-71           1.04602               0               
245    2.86412e-21     1.18301e-20           7.51989e-22           3.03167e-28           1.53937e-47           0.121408              0               
246    1.62567e-68     2.66559e-100          4.87733e-80           3.63681e-71           7.1379e-68            2.8051                0               
247    1.0639e-26      4.82804e-30           2.71376e-26           1.95944e-26           1.70736e-32           0.693944              0               
248    2.50053e-05     0.000109519           3.29096e-07           2.45899e-12           1.13503e-26           0.102178              0               
249    2.66963e-17     5.23079e-17           6.49526e-17           1.60342e-20           2.93453e-33           0.288895              0               
250    0.00721707      0.0140843             0.000312561           3.56085e-07           1.33063e-15           0.049289              0.04404         
251    1.0999e-29      1.27973e-34           2.6215e-29            2.21032e-29           1.4592e-37            0.717128              0               
252    3.3514e-73      2.61451e-99           7.07408e-81           1.37878e-73           1.33439e-72           2.64116               0               
253    2.32098e-51     1.35408e-59           5.37535e-52           9.65849e-51           4.90239e-57           1.01399               0               
254    2.73036e-06     1.19426e-05           5.17797e-08           9.82513e-13           3.42412e-25           0.102626              0               
255    0.057337        0.057337              0.057337              0.057337              0.057337              1                     0.057337        
256    0.061197        0.061197              0.061197              0.061197              0.061197              1                     0.061197        
257    3.79297e-73     5.42846e-112          2.92389e-89           2.09304e-78           1.66624e-72           2.80599               0               
258    1.25644e-55     7.21503e-74           8.8896e-60            5.46767e-55           5.17528e-57           1.06243               0               
259    7.26817e-30     4.4579e-34            3.17352e-29           1.93348e-31           1.63845e-43           0.443558              0               
260    0.00845151      0.0144477             0.000146792           4.40699e-08           5.44484e-18           0.041107              0.057337        
261    1.51208e-35     2.54665e-43           2.6084e-35            4.03415e-35           7.7282e-44            0.807957              0               
262    2.41561e-05     0.000106092           2.51312e-08           2.54855e-15           4.23709e-34           0.101243              0               
263    9.33972e-06     4.10252e-05           4.11023e-09           7.71225e-17           3.75694e-38           0.101197              0               
264    3.04283e-06     1.33664e-05           7.39578e-10           4.70964e-18           1.20197e-40           0.101182              0               
265    3.34875e-06     1.47099e-05           1.08347e-09           1.29879e-17           3.96767e-39           0.101188              0               
266    6.81212e-06     2.99233e-05           2.2607e-09            2.77408e-17           8.30382e-39           0.101189              0               
267    4.98297e-07     2.189e-06             9.05059e-12           6.00942e-22           9.59135e-50           0.101165              0               
268    1.61673e-19     5.27978e-20           6.55483e-19           1.94609e-21           1.57011e-31           0.416373              0               
269    2.6544e-09      1.15e-08              1.60741e-10           6.67579e-16           1.31875e-31           0.105833              0               
270    6.22696e-36     1.23378e-45           1.89616e-37           2.71637e-35           1.6777e-39            1.04185               0               
271    6.99851e-10     2.88892e-09           1.85511e-10           8.55071e-15           4.04072e-28           0.121605              0               
272    2.0638e-09      9.06325e-09           3.00019e-12           8.87448e-20           7.42198e-41           0.101275              0               
273    6.64997e-43     4.15421e-54           1.40485e-44           2.90727e-42           6.46298e-48           1.04303               0               
274    0.057337        0.057337              0.057337              0.057337              0.057337              1                     0.057337        
275    0.057337        0.057337              0.057337              0.057337              0.057337              1                     0.057337        
276    0.057337        0.057337              0.057337              0.057337              0.057337              1                     0.057337        
277    0.057337        0.057337              0.057337              0.057337              0.057337              1                     0.057337        
278    0.099081        0.099081              0.099081              0.099081              0.099081              1                     0.099081        
279    0.079066        0.079066              0.079066              0.079066              0.079066              1                     0.079066        
280    0.042302        0.042302              0.042302              0.042302              0.042302              1                     0.042302        
281    0.055941        0.055941              0.055941              0.055941              0.055941              1                     0.055941        
282    0.034155        0.034155              0.034155              0.034155              0.034155              1                     0.034155        
283    0.042302        0.042302              0.042302              0.042302              0.042302              1                     0.042302        
284    0.04404         0.04404               0.04404               0.04404               0.04404               1                     0.04404         
285    0.041977        0.041977              0.041977              0.041977              0.041977              1                     0.041977        
286    0.057337        0.057337              0.057337              0.057337              0.057337              1                     0.057337        
287    5.07946e-46     1.09747e-55           7.41826e-47           2.15722e-45           4.96218e-52           1.02579               0               
288    4.41512e-21     7.97035e-21           1.14252e-20           6.98853e-26           1.47255e-41           0.300699              0               
289    3.63522e-15     2.31214e-16           1.49945e-14           7.43801e-16           3.06764e-23           0.463216              0               
290    1.45539e-24     1.96491e-27           6.31708e-24           7.44651e-26           4.89575e-37           0.446848              0               
291    6.43016e-24     3.12992e-26           2.73003e-23           9.15981e-25           1.67441e-33           0.45917               0               
292    2.40824e-30     2.07433e-35           5.59198e-30           4.98736e-30           2.00333e-37           0.725597              0               
293    2.07221e-12     7.51767e-12           1.58541e-12           1.30617e-16           1.15706e-29           0.16017               0               
294    4.35136e-37     6.9627e-46            1.16741e-37           1.7948e-36            2.30058e-43           1.00893               0               
295    6.17984e-42     1.63878e-48           2.28022e-41           4.34583e-42           9.0936e-54            0.536909              0               
296    9.02234e-25     5.98326e-25           3.36518e-24           2.69358e-30           1.35658e-52           0.388759              0               
297    6.48258e-30     5.3331e-35            2.83775e-29           1.0039e-31            5.08355e-47           0.442029              0               
298    8.46653e-61     3.86514e-84           8.90233e-67           3.43867e-60           2.80672e-61           1.17876               0               
299    5.14826e-32     2.46443e-36           2.04753e-31           2.1407e-32            3.11369e-42           0.497254              0               
300    4.9792e-38      9.04423e-52           7.02547e-41           2.18507e-37           1.58944e-40           1.04702               0               
301    0.00874478      0.0156743             0.000208488           1.0002e-07            4.35767e-17           0.0436665             0.057337        
302    4.53881e-15     3.51336e-15           1.61753e-14           2.50257e-16           1.04284e-23           0.387813              0               
303    4.54699e-58     4.24733e-76           5.08406e-62           1.99585e-57           1.58757e-60           1.04732               0               
304    1.73903e-65     4.20479e-95           3.14276e-76           7.92632e-68           7.63164e-65           2.80417               0               
305    2.02648e-39     7.26619e-51           7.94609e-41           8.82284e-39           1.52169e-44           1.04053               0               
306    1.20504e-57     2.16217e-79           6.11846e-63           5.279e-57             1.47359e-59           1.05084               0               
307    1.36908e-74     3.61894e-122          1.89373e-95           2.68576e-82           6.01433e-74           2.80599               0               
308    1.12354e-15     4.36662e-15           5.69078e-16           2.75325e-21           3.28908e-39           0.140219              0               
309    1.92732e-20     1.36142e-22           8.31599e-20           1.37105e-21           1.00454e-31           0.449162              0               
310    5.05301e-55     1.97515e-72           4.56465e-58           2.21932e-54           9.59221e-61           1.04582               0               
311    3.26273e-40     1.28317e-49           2.09113e-40           1.2242e-39            8.78505e-49           0.957521              0               
312    3.69522e-28     2.26396e-31           1.56973e-27           5.33516e-29           1.44338e-39           0.459764              0               
313    1.68248e-16     3.62925e-16           3.7617e-16            1.55257e-20           1.13435e-35           0.27358               0               
314    0.0052332       0.00204811            4.2535e-08            3.05487e-16           8.14747e-38           0.00901339            0.053287        
315    0.00590377      0.00150814            8.79823e-09           1.96095e-17           3.39155e-37           0.00588283            0.062157        
316    4.98997e-06     2.1885e-05            3.59051e-08           6.82119e-14           6.59494e-31           0.101718              0               
317    4.10654e-15     1.53186e-14           2.72126e-15           1.64186e-19           5.49025e-33           0.152268              0               
318    4.58308e-06     2.01277e-05           5.70993e-09           7.70882e-16           2.24195e-34           0.101259              0               
319    5.65002e-07     2.48181e-06           2.34974e-10           4.15477e-18           2.98974e-39           0.101195              0               
320    1.7202e-06      7.55638e-06           4.3957e-10            3.10309e-18           1.35299e-40           0.101183              0               
321    3.33586e-25     1.29585e-26           1.44661e-24           5.8754e-27            6.20358e-38           0.439328              0               
322    1.38215e-06     6.05834e-06           1.34188e-08           6.10869e-14           9.9673e-29            0.101912              0               
323    4.68236e-06     2.05682e-05           1.3546e-09            1.163e-17             6.13115e-40           0.101185              0               
324    7.50569e-09     3.26268e-08           3.45596e-10           4.52144e-15           3.29544e-29           0.104714              0               
325    0.00801278      0.00412774            2.42977e-07           1.19907e-14           1.26107e-33           0.0118659             0.079066        
326    7.52989e-33     4.10553e-38           3.29181e-32           1.60568e-34           4.05383e-50           0.442834              0               
327    3.09627e-57     1.02666e-77           1.52864e-62           1.03682e-56           3.23372e-57           1.46437               0               
328    3.89723e-53     2.43314e-71           1.81633e-57           1.67945e-52           3.25857e-54           1.07943               0               
329    4.38062e-26     1.09696e-28           1.9216e-25            1.70143e-28           9.31972e-43           0.440236              0               
330    1.22477e-13     2.31102e-17           3.74011e-14           4.40906e-13           5.97081e-14           1.19909               0               
331    3.43843e-15     1.13053e-19           2.47525e-16           6.10083e-15           8.75651e-15           2.05632               0               
332    1.16464e-15     4.37771e-20           2.30525e-16           4.1777e-15            7.07963e-16           1.26217               0               
333    8.66437e-15     1.53194e-18           2.23282e-15           2.79656e-14           7.86253e-15           1.37392               0               
334    1.82892e-08     1.12533e-08           4.83709e-08           2.05877e-08           1.32357e-10           0.551643              0               
335    1.28356e-07     9.25322e-08           3.54188e-07           1.16769e-07           3.76443e-10           0.51139               0               
336    1.67894e-18     8.26017e-23           3.45016e-19           5.37421e-18           1.65625e-18           1.41282               0               
337    7.02924e-08     1.65292e-08           1.29564e-07           1.51276e-07           1.1424e-08            0.806195              0               
338    7.76962e-25     2.37562e-37           1.06636e-29           4.29104e-26           3.37026e-24           2.78386               0               
339    0.0110405       0.0234474             0.000999334           4.53031e-06           6.7453e-12            0.0580678             0.061197        
340    9.99198e-22     8.34722e-33           3.36895e-26           5.36409e-23           4.33579e-21           2.78447               0               
341    2.40036e-06     1.98697e-06           6.62979e-06           1.92104e-06           6.94815e-09           0.488034              0               
342    3.44328e-05     5.83428e-05           7.5111e-05            1.77546e-05           5.47093e-08           0.381235              0               
343    1.93549e-16     5.96707e-21           3.25593e-17           6.63215e-16           1.54478e-16           1.3425                0               
344    1.71041e-16     6.24846e-24           7.34928e-19           1.19985e-16           6.30662e-16           2.52262               0               
345    8.60082e-05     0.000204955           0.000154242           1.86089e-05           2.66626e-08           0.286165              0               
346    6.46017e-07     4.77568e-07           1.78008e-06           5.78545e-07           1.74951e-09           0.507899              0               
347    3.8987e-13      3.50564e-18           9.63772e-15           3.49659e-13           1.35339e-12           2.43335               0               
348    0.0183261       0.0434941             0.00839466            0.000484825           2.44945e-07           0.106831              0.071586        
349    0.00845743      0.0194482             0.00166207            2.20968e-05           1.73372e-10           0.0732555             0.040767        
350    0.000398881     8.18053e-05           0.000309434           0.000575886           0.000785153           1.68345               0               
351    0.000275655     3.1209e-05            0.000138301           0.000325578           0.000715861           1.99284               0               
352    3.08766e-44     5.95468e-53           1.67431e-44           1.18897e-43           2.25398e-51           0.971131              0               
353    2.59306e-52     3.71522e-78           3.42502e-61           8.46102e-54           1.13067e-51           2.79292               0               
354    4.94678e-67     2.26265e-99           5.35805e-79           5.89491e-70           2.17253e-66           2.80552               0               
355    1.49731e-63     4.48601e-94           5.50293e-75           1.81191e-66           6.57586e-63           2.80551               0               
356    9.18852e-49     8.00421e-71           6.60322e-57           1.31242e-50           4.02338e-48           2.80027               0               
357    8.75131e-51     6.67146e-76           2.37066e-61           2.03454e-54           3.84424e-50           2.8059                0               
358    2.51218e-40     1.51204e-52           4.74613e-43           1.0232e-39            7.99214e-41           1.17314               0               
359    9.07229e-44     2.34891e-67           8.42349e-54           2.99949e-47           3.98515e-43           2.80586               0               
360    9.83629e-22     4.63593e-27           1.57484e-22           3.79144e-21           3.72146e-22           1.17543               0               
361    5.08102e-34     6.51853e-53           1.53056e-41           2.12739e-36           2.22996e-33           2.80432               0               
362    1.68125e-24     3.32185e-32           3.15584e-26           5.39081e-24           1.96336e-24           1.51123               0               
363    4.82567e-22     7.51592e-32           1.45216e-25           1.04068e-22           2.0157e-21            2.71943               0               
364    5.14385e-20     9.19689e-28           1.41363e-22           2.94658e-20           1.96361e-19           2.57501               0               
365    0.057337        0.057337              0.057337              0.057337              0.057337              1                     0.057337        
366    4.70309e-07     2.5064e-07            1.20749e-06           6.02062e-07           5.87324e-09           0.582132              0               
367    4.96834e-11     2.37441e-11           1.63827e-10           3.06768e-11           1.05455e-14           0.488339              0               
368    0.0118339       0.0262985             0.00162462            1.34291e-05           6.09099e-11           0.0651931             0.061197        
369    5.63438e-12     1.21171e-15           1.67693e-12           1.90842e-11           3.98941e-12           1.28851               0               
370    2.43859e-24     9.52601e-35           1.92176e-28           1.6085e-25            1.05516e-23           2.77952               0               
371    1.35876e-12     2.08385e-14           2.91779e-12           3.02775e-12           2.65414e-15           0.747175              0               
372    0.0183261       0.0434941             0.00839466            0.000484825           2.44945e-07           0.106831              0.071586        
373    3.10156e-10     4.67294e-11           7.39683e-10           5.70579e-10           5.51942e-12           0.691655              0               
374    8.4745e-21      4.14706e-27           1.15437e-22           8.56108e-21           2.85519e-20           2.39391               0               
375    7.5333e-20      2.70792e-27           8.7906e-22            1.44747e-19           1.85311e-19           2.02989               0               
376    2.63029e-08     3.46136e-09           5.97338e-08           5.17986e-08           5.54511e-10           0.712782              0               
377    0.019007        0.0425292             0.0157181             0.00269902            1.85929e-05           0.168769              0.057337        
378    8.11162e-21     4.94785e-30           2.74482e-24           1.25474e-21           3.43768e-20           2.74384               0               
379    5.90051e-17     1.83443e-23           1.48531e-18           1.27181e-16           1.30542e-16           1.92886               0               
380    1.5483e-23      1.71919e-38           3.72269e-30           5.89981e-26           6.79578e-23           2.80447               0               
381    6.20223e-20     3.02578e-28           1.24294e-22           3.39958e-20           2.38343e-19           2.58531               0               
382    3.20315e-21     3.85033e-31           7.48407e-25           5.5098e-22            1.35197e-20           2.73695               0               
383    7.22733e-27     4.59045e-44           3.55843e-35           2.0736e-30            3.17475e-26           2.80588               0               
384    8.70818e-26     8.09091e-44           1.62569e-34           1.64153e-29           3.82533e-25           2.80592               0               
385    7.4292e-13      3.66129e-17           2.44858e-14           4.78215e-13           2.7609e-12            2.53031               0               
386    0.00043463      0.000162371           0.000495451           0.000671949           0.000579554           1.34258               0               
387    0.00124111      0.000226174           0.000865184           0.00166621            0.00269463            1.78044               0               
388    0.00331319      0.000847363           0.00294263            0.00487051            0.0058943             1.58118               0               
389    0.069147        0.069147              0.069147              0.069147              0.069147              1                     0.069147        
390    5.30754e-26     3.25726e-40           5.96395e-32           6.42176e-28           2.32517e-25           2.80115               0               
391    6.41401e-27     6.66624e-37           1.08882e-30           7.66715e-28           2.74089e-26           2.75801               0               
392    8.37411e-29     8.59034e-44           2.22932e-35           3.22117e-31           3.67552e-28           2.80445               0               
393    3.01318e-17     2.29793e-22           3.51512e-18           9.69612e-17           3.18921e-17           1.4539                0               
394    2.80132e-43     1.29385e-58           1.39179e-46           1.22756e-42           2.92035e-45           1.05005               0               
395    6.83465e-06     2.9949e-05            7.55744e-08           4.43418e-13           1.50256e-27           0.102016              0               
396    5.73323e-46     6.88864e-62           2.34777e-49           2.51736e-45           1.00778e-48           1.04659               0               
397    6.99769e-42     1.36853e-52           2.00229e-42           2.87385e-41           1.91709e-50           1.00646               0               
398    1.23164e-28     3.0165e-35            1.21148e-28           4.1991e-28            1.34932e-34           0.91024               0               
399    1.25929e-15     4.54002e-15           9.92015e-16           4.02369e-21           9.46209e-37           0.161905              0               
400    8.09854e-26     3.08811e-28           3.55203e-25           2.56079e-28           3.23718e-41           0.440035              0               
401    0.00877114      0.0157837             0.000214885           1.07467e-07           5.28715e-17           0.0438957             0.057337        
402    0.00877114      0.0157837             0.000214885           1.07467e-07           5.28715e-17           0.0438957             0.057337        
403    3.60964e-34     9.39859e-43           4.25075e-35           1.54319e-33           1.05083e-38           1.0297                0               
404    7.16048e-11     3.11417e-10           3.14223e-12           5.35206e-18           2.18397e-35           0.104547              0               
405    1.35708e-06     5.96152e-06           1.3875e-10            2.95536e-19           1.19339e-41           0.101171              0               
406    1.35708e-06     5.96152e-06           1.3875e-10            2.95536e-19           1.19339e-41           0.101171              0               
407    3.09154e-06     1.3579e-05            2.15659e-09           8.76932e-17           2.7294e-37            0.101217              0               
408    1.11702e-05     4.90671e-05           3.35468e-09           3.67247e-17           1.16155e-38           0.101186              0               
409    1.3935e-45      2.07343e-55           5.73989e-46           5.54765e-45           5.05242e-54           0.989114              0               
410    4.5692e-17      1.82379e-16           1.83454e-17           5.65691e-23           2.25653e-41           0.132122              0               
411    9.80252e-11     3.93679e-10           3.69398e-11           4.52259e-15           1.207e-26             0.13023               0               
412    0.00170039      9.37194e-05           0.000657708           0.00204631            0.00467207            2.08157               0               
413    4.85918e-39     2.73736e-45           9.56261e-39           1.17837e-38           3.80573e-47           0.774446              0               
414    3.45583e-15     1.13612e-14           3.8196e-15            5.92554e-19           2.00444e-31           0.186423              0               
415    4.46428e-17     1.92447e-16           3.66804e-18           1.75652e-24           2.35067e-41           0.107499              0               
416    2.33239e-39     3.06675e-50           1.11829e-40           1.01343e-38           6.26438e-45           1.03933               0               
417    4.97505e-65     1.55073e-89           4.52736e-73           5.83633e-66           2.12717e-64           2.75899               0               
418    1.41713e-07     4.25593e-10           2.60276e-08           1.65406e-07           4.30685e-07           2.23759               0               
419    4.51646e-77     1.05751e-113          4.19516e-91           1.48571e-80           1.98393e-76           2.80586               0               
420    3.35399e-52     3.43334e-71           8.04357e-57           1.44645e-51           2.69471e-53           1.07813               0               
421    3.08274e-39     8.10124e-50           2.10453e-41           1.34516e-38           6.98197e-41           1.05407               0               
422    7.08296e-47     7.63409e-62           2.90528e-49           3.1086e-46            2.48721e-51           1.04539               0               
423    0.0646          0.0646                0.0646                0.0646                0.0646                1                     0.0646          
424    0.053052        0.053052              0.053052              0.053052              0.053052              1                     0.053052        
425    0.022355        0.022355              0.022355              0.022355              0.022355              1                     0.022355        
426    5.75911e-46     2.5183e-59            4.07197e-49           2.38583e-45           1.43736e-46           1.14584               0               
427    4.75255e-44     2.7625e-55            2.08425e-45           2.06695e-43           2.8862e-49            1.03989               0               
428    4.7218e-27      1.06842e-34           1.28355e-27           1.94592e-26           2.18413e-32           1.00844               0               
429    5.22336e-17     1.95554e-16           3.39064e-17           1.43674e-21           2.42946e-36           0.151221              0               
430    9.31753e-25     8.61296e-29           4.07991e-24           1.31801e-26           3.79376e-39           0.441837              0               
431    1.16974e-20     2.51103e-21           4.88251e-20           5.02721e-23           3.27291e-35           0.423934              0               
432    9.96124e-64     4.4842e-87            5.88002e-70           3.55101e-63           8.24952e-64           1.37774               0               
433    8.39956e-52     4.30196e-65           7.27929e-54           3.68263e-51           1.06599e-56           1.04475               0               
434    7.58614e-67     3.19454e-104          7.24873e-82           2.10498e-71           3.33256e-66           2.80598               0               
435    3.83205e-27     6.06969e-28           1.61964e-26           3.08427e-29           9.93904e-41           0.42879               0               
436    4.47108e-20     2.44565e-20           1.71955e-19           3.23069e-24           4.46026e-39           0.397726              0               
437    3.30661e-61     2.41048e-90           1.08652e-72           2.13074e-64           1.45238e-60           2.80574               0               
438    8.24602e-64     2.3895e-91            1.95735e-74           7.307e-67             3.62174e-63           2.80564               0               
439    2.33283e-63     6.54156e-94           2.91017e-75           1.22741e-66           1.02469e-62           2.80578               0               
440    4.54856e-14     7.91766e-22           7.64801e-18           1.3907e-15            1.98419e-13           2.79365               0               
441    1.9171e-13      8.86803e-19           2.66833e-15           1.13989e-13           7.2552e-13            2.56027               0               
442    3.13984e-23     1.47128e-36           9.63851e-30           5.1469e-26            1.37881e-22           2.80534               0               
443    7.55857e-23     7.91022e-35           2.9769e-28            7.24028e-25           3.31323e-22           2.80215               0               
444    2.00966e-31     8.92823e-45           7.99729e-36           5.33165e-32           8.29519e-31           2.69968               0               
445    1.33349e-23     3.37536e-24           5.51952e-23           9.32649e-27           2.48082e-41           0.420472              0               
446    1.3304e-67      3.25681e-91           1.12559e-73           4.79511e-67           1.04931e-67           1.36194               0               
447    1.31311e-17     3.30663e-17           2.46184e-17           1.66802e-22           7.61984e-38           0.245727              0               
448    1.03455e-58     3.46574e-78           1.69562e-63           4.3335e-58            2.11253e-59           1.12775               0               
449    1.60851e-24     3.31487e-25           6.73336e-24           1.32036e-27           6.2182e-43            0.424116              0               
450    9.79033e-30     2.04126e-33           3.66114e-29           6.39536e-30           1.85686e-38           0.529995              0               
451    1.95347e-59     1.07168e-83           4.90131e-68           5.3163e-61            8.52841e-59           2.79509               0               
452    1.47384e-59     3.85492e-82           5.84331e-66           1.54829e-59           4.92629e-59           2.3851                0               
453    2.12623e-69     3.78861e-101          4.19525e-81           4.67999e-72           9.33582e-69           2.80511               0               
454    0.0105584       0.0237758             0.00164981            1.61079e-05           8.71327e-11           0.067866              0.053287        
455    4.37124e-21     4.26127e-32           4.67631e-26           6.46077e-23           1.91382e-20           2.80007               0               
456    1.08318e-07     2.96786e-08           2.13268e-07           2.19405e-07           1.34871e-08           0.765273              0               
457    1.24802e-17     2.34051e-22           1.90908e-18           4.39204e-17           8.99563e-18           1.31362               0               
458    5.49801e-21     4.9576e-31            9.79427e-25           7.64425e-22           2.33873e-20           2.75019               0               
459    0.0167618       0.0387947             0.00370345            6.40827e-05           1.75858e-09           0.0763333             0.079066        
460    1.73124e-05     6.39103e-05           1.20233e-05           1.19689e-07           1.38826e-13           0.1562                0               
461    6.48524e-17     7.20983e-24           3.11288e-19           6.33414e-17           2.21243e-16           2.41209               0               
462    1.2444e-09      3.64499e-12           1.04839e-09           4.20593e-09           2.08675e-10           0.996268              0               
463    2.55427e-38     8.73332e-50           9.05714e-41           1.11224e-37           8.94456e-40           1.05948               0               
464    8.92114e-07     2.9595e-09            1.55869e-07           9.26146e-07           2.83407e-06           2.29391               0               
465    1.39587e-44     1.27547e-58           1.19686e-47           6.08549e-44           4.53647e-46           1.05884               0               
466    1.19885e-25     8.17962e-29           5.0299e-25            2.3582e-26            4.41012e-35           0.466977              0               
467    1.84878e-60     8.77482e-77           6.23115e-64           8.08671e-60           3.43294e-62           1.05333               0               
468    6.49456e-56     8.05443e-74           4.55012e-60           2.82585e-55           2.71559e-57           1.06268               0               
469    1.52619e-54     5.40171e-69           8.63672e-57           6.69592e-54           3.05393e-60           1.04516               0               
470    3.60746e-65     6.30463e-98           2.26455e-77           3.45019e-68           1.58441e-64           2.80561               0               
471    1.01718e-58     2.1664e-78            1.93086e-63           4.42023e-58           4.82161e-60           1.06493               0               
472    6.32293e-35     2.89914e-42           1.34833e-35           2.64279e-34           3.85859e-39           1.01654               0               
473    1.61027e-22     3.24472e-24           6.90064e-22           1.40806e-23           6.14553e-32           0.450403              0               
474    5.20825e-06     1.9555e-08            1.05494e-06           6.27581e-06           1.55295e-05           2.21181               0               
475    8.11499e-27     2.83538e-32           2.33152e-27           3.32934e-26           2.41187e-29           1.00749               0               
476    3.06454e-18     3.88698e-24           7.82224e-20           3.9178e-18            9.46646e-18           2.28004               0               
477    0.0019201       0.000390349           0.00148212            0.00274792            0.00381461            1.69169               0               
478    0.00179387      0.000554098           0.00178774            0.00268955            0.00284907            1.47835               0               
479    0.0307156       0.0545692             0.0326577             0.0160768             0.00624249            0.401814              0.0646          
480    2.02551e-61     7.38482e-93           3.05607e-73           2.12976e-64           8.89591e-61           2.80557               0               
481    3.75748e-28     1.56544e-32           4.70738e-28           1.17989e-27           9.73923e-33           0.873107              0               
482    3.88989e-07     9.4303e-10            5.29851e-08           3.68202e-07           1.28669e-06           2.3519                0               
483    2.10907e-54     4.6374e-79            1.63391e-64           1.38041e-57           9.26375e-54           2.80573               0               
484    1.8455e-44      3.18021e-62           5.57618e-48           8.10589e-44           8.14962e-48           1.04607               0               
485    1.54004e-53     1.64532e-67           5.52823e-56           6.7598e-53            6.85105e-58           1.04546               0               
486    9.68561e-27     6.00159e-30           4.2435e-26            1.07789e-28           8.33966e-41           0.441381              0               
487    1.34263e-07     4.61837e-07           1.27567e-07           4.09866e-10           2.13321e-18           0.175082              0               
488    9.98003e-31     4.83794e-36           4.0148e-30            3.69411e-31           1.10739e-40           0.490958              0               
489    1.66333e-07     7.30199e-07           5.01562e-10           5.3418e-17            1.21571e-36           0.101396              0               
490    8.65946e-06     3.80395e-05           1.40149e-09           6.47172e-18           1.67964e-39           0.101176              0               
491    0.00888356      0.0162487             0.000243706           1.44712e-07           1.15927e-16           0.0448715             0.057337        
492    0.00825854      0.00520695            6.5243e-07            1.13316e-13           2.08975e-31           0.0145271             0.079066        
493    0.0058691       0.00173313            1.38525e-08           2.45963e-17           2.13322e-39           0.00680045            0.061197        
494    0.00532266      0.0024411             9.046e-08             1.76556e-15           6.23833e-36           0.010563              0.053287        
495    0.00758183      0.0155223             0.000476348           9.63961e-07           1.82853e-14           0.0534676             0.04404         
496    0.00614669      0.0061485             4.99088e-06           2.18305e-11           1.18544e-25           0.0231164             0.053052        
