Note : P(D|M) is the probability of site D given the model M (i.e., the site likelihood)
P(D|M,rr[x]) is the probability of site D given the model M and the relative rate
of evolution rr[x], where x is the class of rate to be considered.
We have P(D|M) = \sum_x P(x) x P(D|M,rr[x]).


Site   P(D|M)          P(D|M,rr[1]=0.0929)   P(D|M,rr[2]=0.4020)   P(D|M,rr[3]=0.9534)   P(D|M,rr[4]=2.5516)   Posterior mean        P(D|M,rr[0]=0)  
1      0.0116397       0.0128342             1.66691e-05           2.15717e-10           1.05529e-22           0.0257509             0.099081        
2      0.0080342       0.00475411            4.70071e-07           5.86265e-14           6.1498e-32            0.0137481             0.079066        
3      2.9528e-44      7.55875e-57           2.2429e-46            1.29267e-43           3.73855e-48           1.04432               0               
4      3.16949e-43     3.13389e-54           3.82711e-44           1.35171e-42           3.72172e-50           1.02867               0               
5      8.15023e-24     6.0956e-27            2.96094e-23           6.12727e-24           9.81459e-32           0.544369              0               
6      0.00863919      0.0155754             0.000208581           1.04309e-07           5.53951e-17           0.044299              0.057337        
7      4.40467e-15     6.49491e-15           1.28124e-14           9.3318e-18            4.47623e-29           0.327122              0               
8      0.00144971      0.0013698             7.88321e-07           1.38228e-12           4.59255e-29           0.0219981             0.012937        
9      0.00195503      0.00383713            8.51924e-05           9.77304e-08           3.42858e-16           0.0499728             0.012066        
10     0.00863919      0.0155754             0.000208581           1.04309e-07           5.53951e-17           0.044299              0.057337        
11     6.12504e-08     2.68527e-07           8.58986e-11           6.19348e-18           1.77049e-35           0.101956              0               
12     1.37104e-07     5.92144e-07           9.12645e-09           2.51822e-13           2.15521e-26           0.106992              0               
13     3.07748e-05     0.000134631           3.31807e-07           1.98786e-12           8.71551e-27           0.10268               0               
14     5.21628e-19     1.63389e-19           2.12397e-18           2.3202e-22            2.51132e-37           0.416648              0               
15     1.57463e-11     6.75001e-11           1.55503e-12           1.19488e-18           2.71597e-35           0.10948               0               
16     9.23796e-21     8.56434e-21           3.1946e-20            2.66289e-24           7.07761e-39           0.369183              0               
17     2.5815e-22      6.55973e-23           1.06651e-21           6.41101e-27           2.05745e-46           0.42116               0               
18     1.28538e-08     5.62805e-08           8.95569e-11           4.85365e-17           1.88237e-34           0.102386              0               
19     2.55024e-23     9.49312e-27           8.5826e-23            2.6005e-23            6.84907e-31           0.581329              0               
20     2.03953e-14     4.61291e-14           4.33045e-14           9.62814e-18           3.7742e-30            0.266053              0               
21     7.74963e-17     2.03205e-16           1.36652e-16           3.17282e-21           1.19893e-36           0.238141              0               
22     1.41674e-23     3.02546e-26           6.04497e-23           1.65087e-24           1.82564e-34           0.456693              0               
23     6.26379e-50     1.77753e-66           2.13367e-53           2.74622e-49           5.47292e-53           1.04562               0               
24     2.98938e-44     3.88079e-55           1.06467e-45           1.30034e-43           6.82427e-50           1.0404                0               
25     6.50541e-29     5.22908e-35           7.47729e-29           2.10521e-28           2.69589e-35           0.886875              0               
26     1.69095e-15     1.24914e-16           6.26664e-15           1.02408e-15           2.75297e-21           0.51857               0               
27     3.11703e-42     7.23047e-57           2.2949e-45            1.36533e-41           1.41549e-44           1.04703               0               
28     8.80771e-49     1.45403e-65           2.47651e-52           3.86126e-48           1.109e-51             1.04578               0               
29     1.6611e-64      2.65999e-88           7.81285e-71           4.76383e-64           2.52092e-64           1.65168               0               
30     1.9402e-34      4.98834e-40           8.07287e-34           4.35844e-35           1.00723e-45           0.471761              0               
31     3.86068e-24     3.19366e-25           1.65103e-23           1.01334e-25           3.05818e-36           0.438021              0               
32     4.66403e-39     1.17742e-45           1.64157e-38           4.03834e-39           3.75776e-49           0.560148              0               
33     2.80445e-10     1.22785e-09           2.03776e-12           2.05917e-19           1.52286e-39           0.102409              0               
34     0.00409117      0.00175992            5.07011e-08           6.19975e-16           3.76944e-37           0.00999151            0.041977        
35     0.00801736      0.0075594             4.78321e-06           1.48967e-11           5.28604e-26           0.0219571             0.071586        
36     5.01037e-12     2.17498e-11           2.23159e-13           2.47385e-19           4.8261e-35            0.10529               0               
37     3.2694e-09      1.43301e-08           7.81258e-12           3.03017e-19           1.33699e-37           0.102032              0               
38     0.00223887      0.00120076            7.48833e-08           2.90235e-15           6.22695e-36           0.0124588             0.022355        
39     0.00409117      0.00175992            5.07011e-08           6.19975e-16           3.76944e-37           0.00999151            0.041977        
40     1.16488e-06     4.61279e-06           4.94125e-07           1.65392e-09           3.1397e-17            0.134937              0               
41     2.36326e-64     1.62702e-86           4.73133e-71           1.08625e-64           9.2778e-64            2.61389               0               
42     0.00653078      0.00198502            2.12576e-08           1.27847e-16           9.45834e-36           0.00705911            0.069147        
43     0.00409117      0.00175992            5.07011e-08           6.19975e-16           3.76944e-37           0.00999151            0.041977        
44     1.11921e-67     9.2344e-100           1.89064e-78           2.60612e-69           4.88221e-67           2.78823               0               
45     1.54756e-48     3.13683e-63           3.15892e-51           6.78353e-48           1.14093e-52           1.04506               0               
46     4.60196e-15     7.94619e-15           1.22279e-14           7.79733e-18           1.60188e-28           0.307575              0               
47     4.59187e-86     4.90556e-142          1.40987e-111          2.60226e-96           2.01376e-85           2.79754               0               
48     0.079066        0.079066              0.079066              0.079066              0.079066              1                     0.079066        
49     0.055941        0.055941              0.055941              0.055941              0.055941              1                     0.055941        
50     0.055941        0.055941              0.055941              0.055941              0.055941              1                     0.055941        
51     0.055941        0.055941              0.055941              0.055941              0.055941              1                     0.055941        
52     0.04404         0.04404               0.04404               0.04404               0.04404               1                     0.04404         
53     0.057337        0.057337              0.057337              0.057337              0.057337              1                     0.057337        
54     0.079066        0.079066              0.079066              0.079066              0.079066              1                     0.079066        
55     0.057337        0.057337              0.057337              0.057337              0.057337              1                     0.057337        
56     0.057337        0.057337              0.057337              0.057337              0.057337              1                     0.057337        
57     0.062157        0.062157              0.062157              0.062157              0.062157              1                     0.062157        
58     0.057337        0.057337              0.057337              0.057337              0.057337              1                     0.057337        
59     0.055941        0.055941              0.055941              0.055941              0.055941              1                     0.055941        
60     0.057337        0.057337              0.057337              0.057337              0.057337              1                     0.057337        
61     0.012937        0.012937              0.012937              0.012937              0.012937              1                     0.012937        
62     0.055941        0.055941              0.055941              0.055941              0.055941              1                     0.055941        
63     0.069147        0.069147              0.069147              0.069147              0.069147              1                     0.069147        
64     1.80912e-62     7.11222e-92           8.72474e-73           1.80399e-64           7.91585e-62           2.79355               0               
65     2.37537e-42     2.37909e-47           1.03965e-41           2.06267e-44           1.55882e-61           0.441992              0               
66     6.60322e-50     4.59015e-68           8.64919e-55           1.86454e-49           1.03129e-49           1.66933               0               
67     3.08903e-45     4.46565e-58           1.68185e-46           1.33787e-44           7.76027e-53           1.03781               0               
68     1.00739e-72     3.18872e-110          8.17469e-87           2.80241e-76           4.41761e-72           2.79743               0               
69     6.62236e-31     8.34801e-35           2.5634e-30            3.40744e-31           6.45099e-40           0.511712              0               
70     4.7128e-35      1.6604e-42            1.49869e-34           5.68102e-35           4.96905e-45           0.60696               0               
71     7.17202e-15     5.19846e-18           4.50956e-15           2.52398e-14           1.69834e-15           1.0531                0               
72     2.57605e-70     6.75582e-109          3.99989e-87           2.02353e-76           1.12973e-69           2.79754               0               
73     3.95934e-87     2.02666e-131          9.99161e-106          1.39723e-93           1.73637e-86           2.79754               0               
74     4.59547e-92     8.16121e-150          1.06849e-119          7.88388e-104          2.01534e-91           2.79754               0               
75     0.057337        0.057337              0.057337              0.057337              0.057337              1                     0.057337        
76     0.055941        0.055941              0.055941              0.055941              0.055941              1                     0.055941        
77     0.099081        0.099081              0.099081              0.099081              0.099081              1                     0.099081        
78     0.057337        0.057337              0.057337              0.057337              0.057337              1                     0.057337        
79     0.057337        0.057337              0.057337              0.057337              0.057337              1                     0.057337        
80     0.057337        0.057337              0.057337              0.057337              0.057337              1                     0.057337        
81     0.000945744     0.000126649           0.000522003           0.00113428            0.00236462            1.93941               0               
82     6.26797e-68     1.84656e-109          1.72653e-87           3.48117e-76           2.74881e-67           2.79754               0               
83     4.24253e-47     9.84207e-74           2.56326e-57           8.98949e-50           1.85966e-46           2.79669               0               
84     3.58628e-06     9.75991e-08           1.32244e-06           4.33021e-06           9.97736e-06           2.10021               0               
85     2.6207e-08      1.95323e-11           1.18303e-09           1.03779e-08           1.0335e-07            2.6146                0               
86     3.63759e-54     3.40862e-77           2.19134e-62           9.55708e-56           1.58571e-53           2.78704               0               
87     1.82654e-70     1.06051e-109          5.20654e-88           4.20554e-77           8.01028e-70           2.79754               0               
88     3.77788e-07     2.02169e-10           1.59764e-08           1.74973e-07           1.46563e-06           2.58943               0               
89     0.000439956     8.41071e-05           0.000315685           0.000588159           0.000941473           1.76028               0               
90     0.000953633     9.60806e-05           0.000446537           0.00110437            0.00253516            2.02127               0               
91     0.000367803     6.74159e-05           0.000252641           0.00048291            0.000810031           1.79115               0               
92     1.43593e-05     6.2917e-05            5.55324e-08           5.99915e-14           5.72603e-30           0.102146              0               
93     2.84382e-31     4.11705e-35           1.04321e-30           2.039e-31             4.60287e-40           0.539619              0               
94     2.30684e-28     5.38453e-32           8.59566e-28           1.52042e-28           4.85617e-37           0.53163               0               
95     1.76643e-45     4.89291e-56           4.24979e-46           7.32167e-45           2.41851e-53           1.01215               0               
96     9.56361e-74     7.88106e-110          2.34165e-88           2.39947e-78           4.19409e-73           2.79753               0               
97     4.20519e-30     3.08754e-36           1.70962e-29           1.34561e-30           1.03402e-41           0.484905              0               
98     1.18882e-85     6.50236e-140          2.97425e-110          1.72751e-95           5.21355e-85           2.79754               0               
99     3.20136e-75     1.54587e-123          9.47238e-97           1.96642e-83           1.40395e-74           2.79754               0               
100    7.60825e-28     3.05408e-33           4.24168e-28           2.91234e-27           8.41649e-32           0.968506              0               
101    1.35511e-15     3.24885e-15           2.69347e-15           4.81248e-19           1.00918e-31           0.255546              0               
102    1.27378e-09     5.58482e-09           1.33624e-12           6.0558e-20            6.39661e-38           0.101928              0               
103    5.99529e-06     2.6291e-05            1.27382e-09           1.91186e-17           3.73621e-36           0.101864              0               
104    8.25737e-27     7.81892e-30           3.61561e-26           4.8683e-29            1.68246e-41           0.441535              0               
105    2.66464e-09     1.14589e-08           2.26806e-10           1.14073e-14           1.37844e-26           0.108427              0               
106    0.00724535      0.0144406             0.000356226           4.99622e-07           3.46951e-15           0.051245              0.04404         
107    0.00793385      0.00431419            3.09618e-07           2.20422e-14           4.96909e-33           0.0126322             0.079066        
108    0.00482626      0.00485451            3.92017e-06           1.66959e-11           6.62792e-26           0.0234412             0.042302        
109    0.057337        0.057337              0.057337              0.057337              0.057337              1                     0.057337        
110    0.057337        0.057337              0.057337              0.057337              0.057337              1                     0.057337        
111    0.04404         0.04404               0.04404               0.04404               0.04404               1                     0.04404         
112    0.055941        0.055941              0.055941              0.055941              0.055941              1                     0.055941        
113    0.061197        0.061197              0.061197              0.061197              0.061197              1                     0.061197        
114    0.055941        0.055941              0.055941              0.055941              0.055941              1                     0.055941        
115    0.04404         0.04404               0.04404               0.04404               0.04404               1                     0.04404         
116    0.057337        0.057337              0.057337              0.057337              0.057337              1                     0.057337        
117    0.057337        0.057337              0.057337              0.057337              0.057337              1                     0.057337        
118    0.04404         0.04404               0.04404               0.04404               0.04404               1                     0.04404         
119    0.079066        0.079066              0.079066              0.079066              0.079066              1                     0.079066        
120    0.079066        0.079066              0.079066              0.079066              0.079066              1                     0.079066        
121    0.04404         0.04404               0.04404               0.04404               0.04404               1                     0.04404         
122    0.04404         0.04404               0.04404               0.04404               0.04404               1                     0.04404         
123    0.061197        0.061197              0.061197              0.061197              0.061197              1                     0.061197        
124    0.099081        0.099081              0.099081              0.099081              0.099081              1                     0.099081        
125    0.053287        0.053287              0.053287              0.053287              0.053287              1                     0.053287        
126    0.061197        0.061197              0.061197              0.061197              0.061197              1                     0.061197        
127    0.055941        0.055941              0.055941              0.055941              0.055941              1                     0.055941        
128    0.057337        0.057337              0.057337              0.057337              0.057337              1                     0.057337        
129    0.055941        0.055941              0.055941              0.055941              0.055941              1                     0.055941        
130    0.061197        0.061197              0.061197              0.061197              0.061197              1                     0.061197        
131    0.069147        0.069147              0.069147              0.069147              0.069147              1                     0.069147        
132    0.00847458      0.0148904             0.00017177            6.59554e-08           1.65101e-17           0.0428445             0.057337        
133    8.80579e-07     3.86048e-06           1.29572e-09           2.5092e-16            2.22999e-34           0.101961              0               
134    1.64288e-28     4.36553e-31           7.19932e-28           1.16332e-31           4.47928e-48           0.440688              0               
135    4.61997e-33     3.40593e-38           1.68129e-32           3.44788e-33           9.98995e-42           0.543669              0               
136    2.98531e-31     6.99223e-37           9.02238e-31           4.06968e-31           9.33923e-41           0.62871               0               
137    0.00801736      0.0075594             4.78321e-06           1.48967e-11           5.28604e-26           0.0219571             0.071586        
138    1.0937e-06      4.79641e-06           2.60882e-11           2.89558e-21           1.65371e-48           0.101849              0               
139    1.638e-51       1.13441e-64           3.14199e-53           7.15202e-51           3.41126e-58           1.04267               0               
140    1.15632e-65     9.70036e-99           1.52937e-79           2.59057e-70           5.07103e-65           2.79753               0               
141    3.95491e-22     3.16989e-24           1.69942e-21           3.18264e-23           2.10691e-32           0.451269              0               
142    1.26526e-51     4.43013e-70           7.44945e-56           5.53841e-51           1.031e-53             1.04856               0               
143    4.59592e-61     2.41624e-91           8.95518e-72           4.17296e-63           2.01136e-60           2.79391               0               
144    5.08459e-47     1.70094e-63           1.77319e-50           2.22845e-46           1.21781e-49           1.04622               0               
145    1.37902e-52     5.88904e-70           9.70978e-57           5.53087e-52           5.16738e-53           1.19502               0               
146    8.636e-35       2.97902e-39           3.73581e-34           5.14698e-36           5.73418e-48           0.449009              0               
147    6.97803e-51     2.21734e-65           3.66931e-53           3.05654e-50           5.60854e-57           1.04459               0               
148    1.26943e-28     5.76353e-32           5.56038e-28           6.11018e-31           1.69094e-44           0.441424              0               
149    1.45787e-07     6.39211e-07           1.35235e-10           4.9648e-18            2.85816e-36           0.101919              0               
150    0.00587193      0.00529739            2.76553e-06           5.9555e-12            5.73142e-27           0.0209986             0.053052        
151    5.08928e-07     2.23171e-06           1.9343e-10            3.33293e-18           3.03104e-39           0.101876              0               
152    0.00513376      0.0019723             3.87738e-08           2.72409e-16           8.3546e-38            0.00892287            0.053287        
153    0.00142638      0.00126769            5.63902e-07           6.25227e-13           5.54699e-30           0.0206797             0.012937        
154    0.00724535      0.0144406             0.000356226           4.99622e-07           3.46951e-15           0.051245              0.04404         
155    6.04762e-07     2.45052e-06           2.01242e-07           4.14416e-10           1.75847e-18           0.127713              0               
156    0.0065329       0.00199431            2.16921e-08           1.34137e-16           1.0763e-35            0.00708987            0.069147        
157    7.71503e-24     4.08959e-25           3.34244e-23           8.824e-28             4.40435e-45           0.436715              0               
158    5.01327e-08     2.1888e-07            9.75993e-10           3.21156e-15           1.4157e-30            0.103352              0               
159    0.00653078      0.00198502            2.12576e-08           1.27847e-16           9.45833e-36           0.00705911            0.069147        
160    0.00191806      0.00368843            7.18052e-05           6.5187e-08            1.16418e-16           0.0484299             0.012066        
161    3.70478e-45     3.42323e-53           5.83066e-45           1.04166e-44           2.27631e-55           0.82837               0               
162    8.04903e-37     1.41495e-42           3.34045e-36           1.89443e-37           8.35645e-50           0.473239              0               
163    3.54648e-13     1.54779e-12           7.51072e-15           2.19166e-21           2.12992e-38           0.103484              0               
164    1.00438e-17     1.76156e-18           4.21999e-17           8.56081e-20           6.02381e-31           0.428415              0               
165    2.01315e-45     1.51518e-58           2.15944e-47           8.80704e-45           9.01553e-51           1.04384               0               
166    1.39962e-28     3.01685e-31           6.12896e-28           6.06568e-31           9.5133e-46            0.441227              0               
167    2.44786e-45     6.90122e-58           3.48331e-47           1.07002e-44           1.64666e-50           1.04335               0               
168    5.7976e-58      3.25224e-84           4.57092e-66           1.29387e-58           2.41315e-57           2.70837               0               
169    4.97777e-53     1.09606e-69           1.08708e-56           2.17909e-52           3.80204e-55           1.04833               0               
170    2.38285e-58     2.23175e-88           5.01723e-70           1.396e-61             1.04486e-57           2.7973                0               
171    4.69182e-56     2.61009e-72           1.5759e-59            2.05728e-55           1.54831e-59           1.0454                0               
172    3.31157e-06     1.45216e-05           1.26644e-09           2.20185e-17           2.03371e-38           0.101877              0               
173    2.74112e-33     1.54708e-36           1.20145e-32           5.08846e-36           6.68879e-52           0.441008              0               
174    0.069147        0.069147              0.069147              0.069147              0.069147              1                     0.069147        
175    0.04404         0.04404               0.04404               0.04404               0.04404               1                     0.04404         
176    0.055941        0.055941              0.055941              0.055941              0.055941              1                     0.055941        
177    0.079066        0.079066              0.079066              0.079066              0.079066              1                     0.079066        
178    0.055941        0.055941              0.055941              0.055941              0.055941              1                     0.055941        
179    0.055941        0.055941              0.055941              0.055941              0.055941              1                     0.055941        
180    3.64618e-29     6.94042e-35           1.49132e-28           1.07705e-29           1.11354e-40           0.481514              0               
181    7.11795e-12     3.11461e-11           6.96211e-14           6.0977e-21            7.42233e-39           0.102603              0               
182    0.00223887      0.00120076            7.48833e-08           2.90235e-15           6.22695e-36           0.0124588             0.022355        
183    1.50616e-05     6.29397e-05           3.10996e-06           2.78223e-09           1.78175e-18           0.117846              0               
184    5.53792e-06     2.42654e-05           2.10997e-08           2.21921e-14           1.99919e-30           0.102142              0               
185    1.58168e-37     3.09048e-47           3.56139e-39           6.89814e-37           2.67776e-40           1.04289               0               
186    5.20371e-74     3.03194e-106          8.9632e-85            1.18105e-75           2.27027e-73           2.78847               0               
187    0.00223887      0.00120076            7.48833e-08           2.90235e-15           6.22695e-36           0.0124588             0.022355        
188    0.00801736      0.0075594             4.78321e-06           1.48967e-11           5.28604e-26           0.0219571             0.071586        
189    0.00801736      0.0075594             4.78321e-06           1.48967e-11           5.28604e-26           0.0219571             0.071586        
190    1.31878e-13     5.5957e-13            1.87801e-14           1.19039e-20           7.60909e-40           0.112853              0               
191    3.74152e-40     2.85099e-53           1.26422e-41           1.6282e-39            9.22419e-47           1.04066               0               
192    7.76909e-06     3.40597e-05           1.16073e-08           2.27348e-15           1.81068e-33           0.101963              0               
193    0.00513376      0.0019723             3.87738e-08           2.72409e-16           8.3546e-38            0.00892287            0.053287        
194    6.74724e-28     2.11873e-30           2.94885e-27           8.03297e-30           1.39952e-42           0.442194              0               
195    0.00568824      0.00135474            5.23999e-09           2.97162e-18           2.02449e-41           0.00553113            0.061197        
196    6.98821e-20     6.41654e-20           2.42221e-19           8.05346e-23           6.1067e-36            0.369989              0               
197    2.05332e-21     1.61008e-21           7.3939e-21            8.46364e-25           3.17611e-39           0.380248              0               
198    2.60413e-67     4.35401e-107          4.10944e-84           5.23592e-73           1.14204e-66           2.79754               0               
199    1.15961e-69     3.44787e-94           1.90448e-77           2.64247e-70           4.82119e-69           2.70649               0               
200    5.95073e-10     2.24937e-09           3.60221e-10           9.45531e-14           2.93911e-25           0.148667              0               
201    8.53207e-34     2.1232e-43            1.97169e-34           3.54456e-33           1.26097e-39           1.01346               0               
202    3.55645e-32     3.38613e-37           1.5243e-31            3.53718e-33           8.83331e-45           0.454505              0               
203    1.40085e-29     2.68255e-33           6.11167e-29           3.14716e-31           5.29236e-43           0.443878              0               
204    6.32223e-18     2.48184e-17           2.90754e-18           1.05965e-22           3.71376e-36           0.137395              0               
205    1.96156e-43     2.64981e-54           2.23891e-44           8.3785e-43            2.90362e-50           1.02958               0               
206    6.45981e-40     1.34506e-50           4.76329e-40           2.35662e-39           2.52777e-51           0.94367               0               
207    1.09753e-80     8.97114e-127          1.61651e-100          7.07252e-88           4.81321e-80           2.79754               0               
208    7.38909e-17     1.70803e-17           3.06582e-16           3.85574e-19           9.14025e-31           0.42365               0               
209    4.56631e-09     1.9993e-08            3.25141e-11           1.79699e-17           6.4367e-35            0.102397              0               
210    9.10738e-51     8.20085e-67           7.30026e-54           3.99323e-50           7.60749e-55           1.04524               0               
211    1.87604e-29     4.10496e-32           7.4274e-29            7.95872e-30           6.03712e-38           0.499105              0               
212    6.86314e-16     2.88693e-15           1.22892e-16           1.78151e-22           1.10642e-38           0.115687              0               
213    5.62141e-39     2.86278e-46           7.19824e-39           1.74544e-38           1.40037e-47           0.868802              0               
214    5.86784e-56     6.67551e-77           5.58402e-61           2.54081e-55           3.25208e-57           1.06746               0               
215    6.4612e-08      2.7268e-07            1.06745e-08           1.2704e-12            1.57417e-24           0.11462               0               
216    5.56337e-20     4.69148e-20           1.97065e-19           1.575e-24             1.83014e-40           0.375624              0               
217    5.5815e-28      4.62114e-31           2.19431e-27           2.52985e-28           1.69909e-36           0.503211              0               
218    3.00826e-60     2.58528e-78           1.53483e-64           1.30387e-59           1.53843e-61           1.06574               0               
219    5.46941e-11     1.91908e-13           2.76725e-11           1.57282e-10           5.47145e-11           1.37451               0               
220    1.38513e-46     9.97779e-61           3.51002e-50           5.24289e-46           8.31234e-47           1.28505               0               
221    4.9723e-06      1.33572e-06           8.99355e-06           9.89719e-06           1.57951e-06           0.865119              0               
222    3.55257e-08     6.84671e-11           4.69793e-09           3.65215e-08           1.1451e-07            2.31454               0               
223    7.19613e-05     1.90023e-05           0.000133176           0.00014451            1.88974e-05           0.838325              0               
224    0.0318718       0.0522527             0.0384057             0.0222738             0.00473818            0.420604              0.057337        
225    0.0003806       0.000423911           0.000789584           0.00043245            2.31727e-05           0.544055              0               
226    0.0216575       0.047061              0.0198281             0.00441805            8.06866e-05           0.193487              0.061197        
227    2.34075e-28     1.19002e-32           2.25244e-28           8.0126e-28            1.81739e-32           0.912689              0               
228    2.71633e-12     1.55699e-15           7.14959e-13           6.87128e-12           4.32465e-12           1.64503               0               
229    3.20718e-08     1.62415e-09           2.53856e-08           7.42061e-08           3.94349e-08           1.41659               0               
230    2.29765e-56     1.76689e-74           1.41949e-60           1.0061e-55            1.5213e-58            1.04795               0               
231    1.32017e-48     8.8375e-67            5.73935e-53           5.63094e-48           1.58603e-49           1.09331               0               
232    2.00691e-55     1.02453e-78           3.40769e-62           1.80881e-55           6.99248e-55           2.43743               0               
233    1.08048e-39     1.78973e-50           3.13176e-41           4.70707e-39           3.61599e-44           1.04133               0               
234    4.96554e-17     2.35889e-17           1.93878e-16           2.96672e-19           2.21819e-30           0.404903              0               
235    1.31103e-45     1.61075e-60           7.52837e-48           5.74196e-45           1.44605e-52           1.04452               0               
236    4.02813e-75     1.67406e-116          4.67023e-92           1.64714e-80           1.76653e-74           2.79754               0               
237    2.32287e-28     1.61736e-31           9.88699e-28           2.98334e-29           1.11458e-39           0.458446              0               
238    6.84428e-10     2.75311e-09           2.48422e-10           2.30955e-14           4.80176e-27           0.129907              0               
239    0.000367884     6.74416e-05           0.000252724           0.000483038           0.00081015            1.79106               0               
240    7.65634e-67     4.19024e-95           9.19824e-76           1.00872e-67           3.25681e-66           2.7449                0               
241    0.04404         0.04404               0.04404               0.04404               0.04404               1                     0.04404         
242    1.16561e-74     5.15108e-100          1.69396e-81           3.14667e-74           1.96509e-74           1.71891               0               
243    7.04228e-22     7.07563e-22           2.38067e-21           1.58061e-25           1.75256e-40           0.363172              0               
244    1.84916e-68     1.02737e-91           9.32302e-74           8.10183e-68           7.61732e-71           1.04696               0               
245    2.47994e-21     1.00356e-20           8.40156e-22           5.78501e-28           9.214e-47             0.128031              0               
246    1.31596e-69     2.53108e-103          2.04977e-82           4.73177e-73           5.77067e-69           2.79739               0               
247    1.38488e-26     5.64087e-30           3.2902e-26            2.78263e-26           4.34298e-32           0.717735              0               
248    2.5467e-05      0.000111279           4.06169e-07           4.39628e-12           5.25952e-26           0.10308               0               
249    2.71293e-17     4.81006e-17           7.08498e-17           2.51108e-20           1.19927e-32           0.30389               0               
250    0.00724535      0.0144406             0.000356226           4.99622e-07           3.46951e-15           0.051245              0.04404         
251    9.30478e-30     9.71593e-35           1.99014e-29           2.09045e-29           3.00961e-37           0.750483              0               
252    1.80963e-72     3.84478e-98           8.53381e-80           1.25917e-72           6.67693e-72           2.51952               0               
253    9.13006e-51     7.94817e-59           2.59664e-51           3.74431e-50           9.10748e-57           1.00611               0               
254    2.77479e-06     1.2106e-05            6.28773e-08           1.65689e-12           1.22538e-24           0.103599              0               
255    0.057337        0.057337              0.057337              0.057337              0.057337              1                     0.057337        
256    0.061197        0.061197              0.061197              0.061197              0.061197              1                     0.061197        
257    1.29282e-73     2.28877e-114          5.46696e-91           1.22784e-79           5.66965e-73           2.79754               0               
258    2.23653e-55     2.84777e-73           1.60651e-59           9.69771e-55           1.10425e-56           1.06503               0               
259    5.42654e-30     2.5244e-34            2.35579e-29           2.39909e-31           6.41545e-43           0.446887              0               
260    0.00847458      0.0148904             0.00017177            6.59554e-08           1.65101e-17           0.0428445             0.057337        
261    1.23532e-35     1.00057e-42           2.16656e-35           3.25093e-35           1.72768e-43           0.803555              0               
262    2.50111e-05     0.000109652           3.38061e-08           5.59957e-15           2.92306e-33           0.101952              0               
263    9.72058e-06     4.26238e-05           5.69642e-09           1.84933e-16           3.50736e-37           0.101892              0               
264    3.17918e-06     1.39412e-05           1.04645e-09           1.19196e-17           1.26234e-39           0.101873              0               
265    3.49179e-06     1.53117e-05           1.51489e-09           3.16663e-17           3.67297e-38           0.101881              0               
266    7.10103e-06     3.11383e-05           3.15786e-09           6.75774e-17           7.71368e-38           0.101881              0               
267    5.2946e-07      2.32193e-06           1.39794e-11           1.89616e-21           1.64121e-48           0.101849              0               
268    2.52687e-19     7.16344e-20           1.03182e-18           4.69762e-21           1.30229e-30           0.421448              0               
269    2.15212e-09     9.27612e-09           1.61978e-10           1.04015e-15           6.12881e-31           0.107664              0               
270    8.64806e-36     5.18983e-45           4.37923e-37           3.74866e-35           1.4538e-39            1.0384                0               
271    6.82822e-10     2.78053e-09           2.13966e-10           1.41783e-14           1.68845e-27           0.12607               0               
272    2.09124e-09     9.16708e-09           4.05332e-12           2.08433e-19           6.62052e-40           0.101997              0               
273    8.08343e-43     3.466e-54             1.32842e-44           3.53168e-42           2.16854e-47           1.04306               0               
274    0.057337        0.057337              0.057337              0.057337              0.057337              1                     0.057337        
275    0.057337        0.057337              0.057337              0.057337              0.057337              1                     0.057337        
276    0.057337        0.057337              0.057337              0.057337              0.057337              1                     0.057337        
277    0.057337        0.057337              0.057337              0.057337              0.057337              1                     0.057337        
278    0.099081        0.099081              0.099081              0.099081              0.099081              1                     0.099081        
279    0.079066        0.079066              0.079066              0.079066              0.079066              1                     0.079066        
280    0.042302        0.042302              0.042302              0.042302              0.042302              1                     0.042302        
281    0.055941        0.055941              0.055941              0.055941              0.055941              1                     0.055941        
282    0.034155        0.034155              0.034155              0.034155              0.034155              1                     0.034155        
283    0.042302        0.042302              0.042302              0.042302              0.042302              1                     0.042302        
284    0.04404         0.04404               0.04404               0.04404               0.04404               1                     0.04404         
285    0.041977        0.041977              0.041977              0.041977              0.041977              1                     0.041977        
286    0.057337        0.057337              0.057337              0.057337              0.057337              1                     0.057337        
287    1.73128e-43     2.73758e-52           4.6697e-44            7.12553e-43           8.79364e-50           1.00813               0               
288    3.97087e-21     6.13462e-21           1.12795e-20           1.09181e-25           5.79085e-41           0.321396              0               
289    5.59181e-15     3.28466e-16           2.28343e-14           1.36012e-15           9.921e-23             0.469785              0               
290    3.02107e-26     7.63978e-30           1.27246e-25           5.2352e-27            2.59843e-37           0.464663              0               
291    5.94559e-24     2.52911e-26           2.4926e-23            1.12299e-24           4.30432e-33           0.466503              0               
292    1.71175e-30     1.03721e-35           3.28561e-30           4.22124e-30           4.4307e-37            0.780726              0               
293    2.60164e-14     5.51423e-14           5.89364e-14           1.59513e-17           8.92473e-30           0.277065              0               
294    4.17782e-36     5.16488e-44           2.2031e-36            1.61187e-35           8.74891e-43           0.972623              0               
295    1.7369e-40      1.78188e-46           6.78849e-40           8.28675e-41           1.7947e-52            0.506562              0               
296    1.26606e-24     6.37827e-25           4.91447e-24           7.5418e-30            1.80121e-51           0.40186               0               
297    1.78825e-28     4.75742e-33           7.82166e-28           2.06642e-30           9.95697e-46           0.442387              0               
298    1.04692e-60     4.98867e-84           9.75609e-67           4.0114e-60            5.79844e-61           1.26661               0               
299    4.48781e-32     1.81594e-36           1.71864e-31           2.49469e-32           8.48611e-42           0.517418              0               
300    2.10026e-38     2.25638e-52           2.04184e-41           9.19077e-38           1.78544e-40           1.04858               0               
301    0.00877812      0.01615               0.000243221           1.48195e-07           1.27593e-16           0.0455159             0.057337        
302    4.69289e-15     3.30896e-15           1.6943e-14            3.28704e-16           2.57518e-23           0.395955              0               
303    6.83915e-56     8.93445e-73           1.89597e-59           2.99791e-55           1.20728e-58           1.04598               0               
304    8.72573e-65     4.75543e-94           2.33427e-75           4.38954e-67           3.82227e-64           2.79553               0               
305    4.35123e-38     2.34826e-48           3.11051e-39           1.87712e-37           2.2461e-43            1.03546               0               
306    1.41958e-56     1.69831e-77           1.21821e-61           6.21109e-56           1.44576e-58           1.04938               0               
307    4.58096e-75     3.30516e-124          5.93804e-97           1.96966e-83           2.00898e-74           2.79754               0               
308    9.27083e-16     3.49814e-15           5.67568e-16           4.33064e-21           1.87319e-38           0.149165              0               
309    1.18708e-21     6.11457e-24           5.03852e-21           1.61285e-22           9.20143e-32           0.459126              0               
310    1.09898e-52     2.72279e-69           1.63966e-55           4.81792e-52           1.44068e-58           1.04511               0               
311    1.09622e-39     7.1631e-48            1.39842e-39           3.40904e-39           1.33623e-48           0.869467              0               
312    3.88915e-28     2.1291e-31            1.63169e-27           7.36769e-29           4.62467e-39           0.466867              0               
313    3.64661e-15     1.19752e-14           4.01684e-15           1.35392e-19           2.04666e-34           0.186991              0               
314    0.005185        0.00219699            6.11128e-08           7.57223e-16           7.5108e-37            0.0098415             0.053287        
315    0.00583612      0.00163319            1.30891e-08           4.95947e-17           2.12905e-36           0.00649917            0.062157        
316    5.09911e-06     2.23168e-05           4.53446e-08           1.32049e-13           4.52404e-30           0.102534              0               
317    4.13621e-15     1.4931e-14            3.208e-15             2.80908e-19           2.38662e-32           0.161806              0               
318    4.73705e-06     2.07667e-05           7.61913e-09           1.66436e-15           1.50869e-33           0.101971              0               
319    5.87539e-07     2.57632e-06           3.24628e-10           9.87163e-18           2.63227e-38           0.10189               0               
320    1.85528e-06     8.13567e-06           6.40411e-10           8.03708e-18           1.39359e-39           0.101874              0               
321    2.92824e-25     9.80013e-27           1.2672e-24            7.17239e-27           1.73965e-37           0.441586              0               
322    1.40878e-06     6.16153e-06           1.66546e-08           1.1073e-13            4.72969e-28           0.102761              0               
323    4.88306e-06     2.14127e-05           1.8996e-09            2.88157e-17           6.16175e-39           0.101877              0               
324    7.56519e-09     3.27573e-08           4.19744e-10           7.93061e-15           1.48639e-28           0.106136              0               
325    0.00795366      0.004401              3.37581e-07           2.70863e-14           8.69278e-33           0.0128546             0.079066        
326    1.1954e-31      2.3301e-36            5.22525e-31           1.71301e-33           7.10886e-49           0.44277               0               
327    4.76976e-58     3.51038e-80           3.09934e-64           8.14922e-58           1.27685e-57           2.1149                0               
328    3.60996e-50     5.50349e-66           1.16042e-53           1.57874e-49           4.28436e-52           1.05001               0               
329    3.6452e-25      1.64242e-27           1.59469e-24           2.27044e-27           3.14091e-41           0.441306              0               
330    3.08363e-13     6.86337e-17           8.99322e-14           1.04758e-12           2.1474e-13            1.2833                0               
331    4.84843e-15     9.78459e-20           2.26571e-16           6.44801e-15           1.45881e-14           2.24104               0               
332    2.24392e-15     3.96571e-20           2.665e-16             7.00998e-15           2.56419e-15           1.48551               0               
333    1.50409e-14     1.53729e-18           2.56629e-15           4.16231e-14           2.17706e-14           1.60009               0               
334    2.09304e-08     1.08872e-08           5.25863e-08           2.79843e-08           3.32466e-10           0.59343               0               
335    1.44888e-07     8.71442e-08           3.8264e-07            1.64559e-07           1.06018e-09           0.554802              0               
336    4.11682e-18     9.18694e-23           4.72636e-19           1.09886e-17           6.59293e-18           1.66935               0               
337    7.65267e-08     1.53707e-08           1.287e-07             1.7196e-07            1.95766e-08           0.87249               0               
338    4.75484e-25     6.18519e-38           2.89667e-30           1.42008e-26           2.07103e-24           2.7856                0               
339    0.0114678       0.0252863             0.0014047             1.00944e-05           3.98416e-11           0.0637292             0.061197        
340    1.94551e-21     6.58298e-33           2.96528e-26           6.06537e-23           8.47133e-21           2.78507               0               
341    3.41129e-06     2.4423e-06            9.19318e-06           3.30533e-06           1.93861e-08           0.522078              0               
342    4.60113e-05     6.83981e-05           0.000102405           3.08065e-05           1.72548e-07           0.420211              0               
343    3.71276e-16     5.91714e-21           3.79752e-17           1.06625e-15           5.23999e-16           1.59511               0               
344    1.47969e-16     2.33315e-24           2.92058e-19           5.74487e-17           5.91178e-16           2.64135               0               
345    9.32943e-05     0.000204436           0.000177247           2.73902e-05           6.85224e-08           0.312298              0               
346    8.98107e-07     5.38554e-07           2.37186e-06           1.02239e-06           5.83751e-09           0.554863              0               
347    8.47172e-13     4.75467e-18           1.35211e-14           5.48666e-13           3.15308e-12           2.53019               0               
348    0.0193327       0.0458157             0.0105504             0.000820791           8.21126e-07           0.120036              0.071586        
349    0.00892153      0.021014              0.00234625            4.96643e-05           1.15739e-09           0.082462              0.040767        
350    0.000394905     7.97645e-05           0.000301637           0.000564608           0.000785844           1.69166               0               
351    0.000269286     3.039e-05             0.000134028           0.000315352           0.000701181           1.9928                0               
352    2.35995e-44     2.65852e-53           9.21799e-45           9.42776e-44           4.25455e-51           0.991471              0               
353    2.87835e-50     2.07157e-73           9.4977e-58            4.46667e-51           1.21763e-49           2.73553               0               
354    4.6215e-66      2.9212e-99            9.96604e-79           1.99427e-69           2.02656e-65           2.79736               0               
355    9.89334e-64     4.87761e-96           2.40462e-76           2.24769e-67           4.33849e-63           2.79745               0               
356    3.6777e-47      4.15383e-68           6.83097e-55           6.45089e-49           1.6064e-46            2.79053               0               
357    4.16474e-52     2.69166e-78           2.63024e-63           3.80105e-56           1.82641e-51           2.7975                0               
358    4.08357e-41     5.35982e-55           9.12732e-45           9.38951e-41           8.51802e-41           1.87871               0               
359    1.64888e-45     4.4927e-71            8.42184e-57           9.96506e-50           7.23103e-45           2.79751               0               
360    1.12281e-21     6.03013e-27           1.97961e-22           4.38247e-21           3.43653e-22           1.1433                0               
361    1.86444e-34     1.56581e-53           3.61863e-42           5.56702e-37           8.17091e-34           2.79634               0               
362    2.07896e-24     2.08085e-32           2.06865e-26           4.48195e-24           4.61465e-24           1.93082               0               
363    5.95886e-22     7.29948e-32           1.39587e-25           1.03468e-22           2.50965e-21           2.72803               0               
364    3.02219e-19     1.48671e-26           1.47321e-21           2.01472e-19           1.12243e-18           2.52856               0               
365    0.057337        0.057337              0.057337              0.057337              0.057337              1                     0.057337        
366    6.09876e-07     2.57918e-07           1.45503e-06           9.45566e-07           1.60891e-08           0.636005              0               
367    6.9564e-11      2.38663e-11           2.16601e-10           6.45513e-11           5.39333e-14           0.542608              0               
368    0.0124806       0.0287208             0.00238942            3.22247e-05           3.73417e-10           0.0733019             0.061197        
369    1.68482e-11     2.19472e-14           8.28693e-12           5.50623e-11           1.05164e-11           1.22663               0               
370    3.14377e-24     8.98991e-35           2.04661e-28           2.12047e-25           1.35747e-23           2.77055               0               
371    4.74731e-13     5.66106e-15           8.83123e-13           1.1908e-12            2.34943e-15           0.788298              0               
372    0.0193327       0.0458157             0.0105504             0.000820791           8.21126e-07           0.120036              0.071586        
373    4.19414e-10     4.66358e-11           8.71216e-10           9.03851e-10           1.76343e-11           0.751857              0               
374    1.253e-20       2.55778e-27           8.48995e-23           8.59948e-21           4.62657e-20           2.51968               0               
375    1.90961e-19     2.05114e-27           8.12064e-22           1.98742e-19           6.37902e-19           2.37942               0               
376    3.66216e-08     3.48419e-09           7.138e-08             8.39035e-08           1.83624e-09           0.776203              0               
377    0.0200387       0.0438806             0.0180814             0.0037705             4.42336e-05           0.187807              0.057337        
378    3.59893e-20     7.8373e-30            5.09897e-24           3.17197e-21           1.54654e-19           2.76225               0               
379    1.3603e-16      1.53828e-23           1.49137e-18           1.81526e-16           4.13542e-16           2.25847               0               
380    7.58237e-24     3.95442e-39           9.24064e-31           1.78101e-26           3.32346e-23           2.7966                0               
381    1.22337e-19     2.29765e-28           1.1031e-22            4.06128e-20           4.95784e-19           2.66441               0               
382    8.29027e-21     3.1296e-31            7.13892e-25           7.25873e-22           3.56303e-20           2.76251               0               
383    8.15002e-27     3.88671e-44           3.04613e-35           1.94356e-30           3.57399e-26           2.79744               0               
384    5.60216e-26     2.05159e-44           4.54723e-35           5.87214e-30           2.45676e-25           2.79749               0               
385    1.53919e-12     6.76483e-17           5.0231e-14            1.09301e-12           5.60679e-12           2.49624               0               
386    0.000640858     0.00017587            0.000608283           0.000987816           0.00103851            1.50291               0               
387    0.0012294       0.000223016           0.000851254           0.00164229            0.00267498            1.7802                0               
388    0.00329701      0.000835897           0.00290192            0.00482549            0.00589569            1.58392               0               
389    0.069147        0.069147              0.069147              0.069147              0.069147              1                     0.069147        
390    2.99216e-26     1.59523e-40           2.92389e-32           3.22954e-28           1.30898e-25           2.79322               0               
391    6.42985e-27     1.09366e-36           1.48897e-30           7.92902e-28           2.74037e-26           2.74814               0               
392    2.83921e-29     9.6696e-45            1.81458e-36           3.21404e-32           1.24481e-28           2.79708               0               
393    4.54024e-17     2.21058e-22           3.72564e-18           1.27179e-16           6.82071e-17           1.63424               0               
394    3.18069e-42     1.68824e-56           3.61387e-45           1.39295e-41           1.58034e-44           1.04714               0               
395    7.28654e-06     3.18574e-05           9.76481e-08           8.27954e-13           7.14089e-27           0.102883              0               
396    1.49732e-45     1.42868e-60           1.10204e-48           6.56173e-45           3.64063e-48           1.04618               0               
397    2.83452e-38     1.48757e-46           4.41551e-38           8.01525e-38           9.83969e-48           0.830583              0               
398    7.91628e-29     1.19007e-35           5.92128e-29           2.87955e-28           1.88457e-34           0.942208              0               
399    4.48653e-16     1.16749e-15           8.00071e-16           6.98245e-21           4.33837e-36           0.239677              0               
400    9.06663e-26     2.7214e-28            3.96902e-25           4.41847e-28           1.42722e-40           0.441236              0               
401    0.008797        0.0162276             0.000248417           1.56063e-07           1.48423e-16           0.0456827             0.057337        
402    0.008797        0.0162276             0.000248417           1.56063e-07           1.48423e-16           0.0456827             0.057337        
403    3.22114e-34     4.59595e-43           2.34309e-35           1.3891e-33            9.88057e-38           1.03541               0               
404    3.20337e-11     1.38487e-10           1.99666e-12           6.92413e-18           2.01413e-34           0.106665              0               
405    1.4436e-06      6.33069e-06           2.03059e-10           7.76226e-19           1.0818e-40            0.101858              0               
406    1.4436e-06      6.33069e-06           2.03059e-10           7.76226e-19           1.0818e-40            0.101858              0               
407    3.2466e-06      1.4235e-05            2.96794e-09           2.03173e-16           2.33542e-36           0.101918              0               
408    1.18086e-05     5.1782e-05            4.76388e-09           9.09832e-17           1.06878e-37           0.101878              0               
409    2.70039e-44     2.47396e-53           1.77958e-44           1.00629e-43           5.89868e-53           0.954472              0               
410    4.03115e-17     1.56667e-16           2.01189e-17           1.0251e-22            1.64001e-40           0.140421              0               
411    9.58302e-11     3.78286e-10           4.19698e-11           7.08996e-15           4.02009e-26           0.135712              0               
412    0.00167717      9.22595e-05           0.000641956           0.00199854            0.00462244            2.08192               0               
413    7.89344e-39     5.37681e-45           1.36423e-38           2.09743e-38           2.25508e-46           0.807075              0               
414    3.26921e-15     1.02555e-14           4.08071e-15           8.96426e-19           7.42083e-31           0.19838               0               
415    4.18168e-17     1.78917e-16           4.46992e-18           3.49238e-24           1.13053e-40           0.110109              0               
416    1.05154e-37     6.56116e-48           6.94e-39              4.54212e-37           4.34933e-43           1.03622               0               
417    1.65589e-64     4.17146e-89           1.00516e-72           1.27336e-65           7.13456e-64           2.76681               0               
418    1.28514e-07     3.66455e-10           2.19198e-08           1.41681e-07           3.99632e-07           2.26364               0               
419    1.18985e-75     5.79269e-112          1.73617e-89           3.5054e-79            5.21772e-75           2.79742               0               
420    4.77423e-52     1.77076e-69           3.74643e-56           2.06404e-51           2.96614e-53           1.07013               0               
421    2.31512e-39     4.80484e-50           1.30299e-41           1.00431e-38           9.68272e-41           1.06125               0               
422    4.42966e-46     4.07703e-60           3.57616e-48           1.93904e-45           9.38064e-51           1.04421               0               
423    0.0646          0.0646                0.0646                0.0646                0.0646                1                     0.0646          
424    0.053052        0.053052              0.053052              0.053052              0.053052              1                     0.053052        
425    0.022355        0.022355              0.022355              0.022355              0.022355              1                     0.022355        
426    1.26202e-48     1.65815e-63           1.48062e-52           3.44112e-48           2.09329e-48           1.70803               0               
427    1.01263e-43     8.87963e-55           5.28424e-45           4.38805e-43           3.04828e-49           1.03812               0               
428    2.47067e-28     2.58311e-36           3.79124e-29           1.04559e-27           9.35016e-33           1.02418               0               
429    4.0786e-17      1.48614e-16           3.02505e-17           1.82847e-21           9.34221e-36           0.159181              0               
430    8.56979e-25     5.87497e-29           3.73672e-24           2.14939e-26           1.55215e-38           0.444248              0               
431    1.57899e-22     6.38954e-24           6.83279e-22           2.79579e-24           1.98189e-35           0.440109              0               
432    1.0888e-65      1.81935e-91           1.42941e-73           5.01557e-66           4.27336e-65           2.61348               0               
433    8.35282e-52     2.72734e-65           5.16062e-54           3.65794e-51           2.50671e-56           1.04447               0               
434    2.32862e-66     2.12326e-101          1.54334e-80           1.0813e-70            1.0212e-65            2.79752               0               
435    1.77327e-29     5.6481e-31            7.67087e-29           4.93045e-31           1.24566e-41           0.442167              0               
436    3.19534e-20     1.43584e-20           1.25769e-19           3.53533e-24           9.9193e-39            0.406081              0               
437    2.70294e-62     1.47642e-93           3.41765e-75           2.37514e-66           1.18535e-61           2.7975                0               
438    5.70178e-64     2.07736e-93           9.16703e-76           1.53687e-67           2.50036e-63           2.79743               0               
439    2.02325e-63     4.40044e-94           2.01587e-75           9.4341e-67            8.87202e-63           2.79735               0               
440    4.19409e-14     6.7061e-22            6.53647e-18           1.21163e-15           1.82713e-13           2.78591               0               
441    1.74091e-13     7.14292e-19           2.12896e-15           9.32784e-14           6.68067e-13           2.57688               0               
442    1.63525e-23     4.46647e-37           2.98131e-30           1.80728e-26           7.16959e-23           2.7971                0               
443    1.28303e-22     1.16696e-34           4.66264e-28           1.22761e-24           5.61442e-22           2.79371               0               
444    1.62975e-31     3.83419e-46           1.05507e-36           1.63036e-32           6.98421e-31           2.75756               0               
445    2.80695e-23     5.7785e-24            1.1729e-22            3.03471e-26           1.66523e-40           0.425034              0               
446    1.23157e-68     3.57093e-95           2.63834e-76           1.08638e-68           4.31464e-68           2.44509               0               
447    1.36736e-17     3.08505e-17           2.91146e-17           3.07235e-22           3.20484e-37           0.26642               0               
448    2.20995e-61     2.63455e-84           4.80985e-68           2.11229e-61           7.57942e-61           2.41564               0               
449    1.19639e-24     2.06146e-25           5.0391e-24            1.49403e-27           2.2944e-42            0.427651              0               
450    2.29566e-28     2.28092e-31           9.26477e-28           8.00532e-29           1.76101e-37           0.488788              0               
451    1.10003e-58     9.50261e-81           1.22394e-65           2.89466e-59           4.53471e-58           2.6924                0               
452    6.64055e-59     6.63785e-80           1.67542e-64           1.49061e-58           1.4216e-58            1.90066               0               
453    1.78914e-68     2.51594e-99           9.86739e-80           6.41864e-71           7.83983e-68           2.7961                0               
454    0.0109769       0.0253568             0.00220827            3.2288e-05            4.76119e-10           0.0745686             0.053287        
455    1.99293e-21     1.33723e-32           1.46604e-26           2.17662e-23           8.71819e-21           2.79317               0               
456    1.15049e-07     2.71352e-08           2.08682e-07           2.46052e-07           2.2678e-08            0.8233                0               
457    2.50665e-17     2.47948e-22           2.428e-18             7.60792e-17           3.14213e-17           1.5328                0               
458    3.92728e-21     1.91184e-31           3.45819e-25           3.14308e-22           1.69084e-20           2.76551               0               
459    0.0174316       0.0410618             0.0047872             0.000117882           7.56495e-09           0.083921              0.079066        
460    2.22868e-05     7.76189e-05           1.97793e-05           3.40489e-07           1.40884e-12           0.173727              0               
461    3.64428e-17     6.8957e-25            4.31804e-20           1.546e-17             1.44316e-16           2.6274                0               
462    7.3053e-10      1.58439e-12           5.0144e-10            2.47307e-09           2.27643e-10           1.07473               0               
463    3.11357e-38     5.31265e-50           7.0047e-41            1.33782e-37           2.69372e-39           1.07957               0               
464    8.90806e-07     3.02519e-09           1.60598e-07           9.50821e-07           2.79218e-06           2.2721                0               
465    1.74162e-42     2.16984e-56           1.78487e-45           7.60189e-42           3.41756e-44           1.05301               0               
466    1.81139e-25     1.04198e-28           7.49528e-25           4.47509e-26           1.36624e-34           0.474806              0               
467    1.92885e-62     4.55936e-80           1.68974e-66           8.19941e-62           2.59361e-63           1.09903               0               
468    1.19849e-54     6.50874e-72           1.84378e-58           5.23816e-54           1.76295e-56           1.05117               0               
469    6.9834e-56      1.10539e-71           9.65441e-59           3.06159e-55           1.23662e-60           1.04513               0               
470    1.14313e-64     4.55925e-98           1.77642e-77           3.89927e-68           5.01282e-64           2.7974                0               
471    1.20545e-59     7.55138e-80           1.02219e-64           5.01563e-59           2.70864e-60           1.13509               0               
472    2.58784e-35     8.79108e-44           1.90121e-36           1.1158e-34            8.70867e-39           1.03532               0               
473    3.19468e-19     2.47401e-20           1.36197e-18           1.4316e-20            3.06005e-29           0.440988              0               
474    5.45233e-06     2.48672e-08           1.27216e-06           6.95282e-06           1.56613e-05           2.15984               0               
475    9.11934e-29     2.25402e-35           8.88468e-30           3.89339e-28           1.70426e-30           1.03935               0               
476    2.35151e-18     6.19056e-24           1.06717e-19           4.01912e-18           6.1867e-18            2.09025               0               
477    0.00175098      0.000320679           0.00124383            0.00241498            0.00369944            1.75215               0               
478    0.00169494      0.000459782           0.00155612            0.00250592            0.00291132            1.54669               0               
479    0.0330773       0.0562668             0.0367459             0.019709              0.0074358             0.436591              0.0646          
480    1.50357e-61     8.11859e-93           1.8798e-73            1.03877e-64           6.59285e-61           2.79726               0               
481    5.24493e-31     9.30838e-37           1.76722e-31           2.12317e-30           2.64747e-34           0.999069              0               
482    5.13292e-07     1.75884e-09           9.00228e-08           5.57531e-07           1.60173e-06           2.26719               0               
483    1.54435e-54     1.74364e-79           6.16177e-65           6.04642e-58           6.77213e-54           2.79738               0               
484    3.54298e-45     3.27819e-64           2.74682e-49           1.55247e-44           1.27395e-47           1.04674               0               
485    1.52466e-55     2.5327e-71            1.19162e-58           6.68474e-55           4.58196e-59           1.04533               0               
486    7.97565e-29     3.35024e-33           3.454e-28             4.36836e-30           2.1872e-41            0.448343              0               
487    1.29029e-07     4.32563e-07           1.32763e-07           5.3028e-10            5.21587e-18           0.182257              0               
488    1.91003e-31     5.04512e-37           7.01179e-31           1.36462e-31           1.59215e-40           0.539279              0               
489    1.62933e-07     7.13902e-07           6.38639e-10           1.13045e-16           8.98252e-36           0.10215               0               
490    9.32134e-06     4.08766e-05           2.0459e-09            1.65353e-17           1.40596e-38           0.101864              0               
491    0.0089094       0.0166886             0.00028033            2.0754e-07            3.14518e-16           0.0466693             0.057337        
492    0.00820783      0.00551512            8.78081e-07           2.3774e-13            1.25305e-30           0.0156155             0.079066        
493    0.00580543      0.00186865            2.03911e-08           6.35451e-17           1.80261e-38           0.00747556            0.061197        
494    0.00527819      0.00260558            1.26823e-07           4.12135e-15           4.98387e-35           0.0114668             0.053287        
495    0.00761212      0.0158693             0.000535179           1.3045e-06            4.31868e-14           0.0555228             0.04404         
496    0.00613215      0.00643503            6.31508e-06           3.93567e-11           5.25125e-25           0.0244742             0.053052        
