Note : P(D|M) is the probability of site D given the model M (i.e., the site likelihood)
P(D|M,rr[x]) is the probability of site D given the model M and the relative rate
of evolution rr[x], where x is the class of rate to be considered.
We have P(D|M) = \sum_x P(x) x P(D|M,rr[x]).


Site   P(D|M)          P(D|M,rr[1]=0.0906)   P(D|M,rr[2]=0.3975)   P(D|M,rr[3]=0.9502)   P(D|M,rr[4]=2.5617)   Posterior mean        P(D|M,rr[0]=0)  
1      0.0116656       0.0133575             1.75598e-05           2.13262e-10           9.81399e-23           0.0260745             0.099081        
2      0.00801942      0.00502286            5.04319e-07           5.66594e-14           5.53728e-32           0.0141873             0.079066        
3      2.22254e-43     3.08281e-55           2.97602e-45           9.70654e-43           1.96401e-47           1.03889               0               
4      5.28956e-42     1.70933e-52           9.07194e-43           2.22653e-41           3.14595e-49           1.01701               0               
5      9.0406e-23      1.82167e-25           3.60086e-22           3.57817e-23           1.9601e-31            0.489908              0               
6      0.00868039      0.0159778             0.000215386           1.01542e-07           4.14699e-17           0.0441439             0.057337        
7      4.45593e-15     6.22377e-15           1.32875e-14           9.27537e-18           3.78352e-29           0.328474              0               
8      0.00145146      0.00143135            8.33003e-07           1.314e-12             2.64454e-29           0.0223846             0.012937        
9      0.00196461      0.00392416            8.76221e-05           9.52107e-08           2.56306e-16           0.0496681             0.012066        
10     0.00868039      0.0159778             0.000215386           1.01542e-07           4.14699e-17           0.0441439             0.057337        
11     5.85111e-08     2.56239e-07           8.63643e-11           6.00524e-18           2.07978e-35           0.0993                0               
12     1.14164e-07     4.92157e-07           7.9706e-09            2.1e-13               1.63437e-26           0.104545              0               
13     3.09513e-05     0.000135249           3.42318e-07           1.89845e-12           6.87732e-27           0.100035              0               
14     2.43622e-17     3.08398e-17           7.58834e-17           2.63448e-21           9.57988e-37           0.338243              0               
15     2.96957e-10     1.29042e-09           1.04881e-11           4.69453e-18           4.92319e-35           0.101897              0               
16     1.49369e-21     3.20317e-22           6.2219e-21            1.35014e-24           1.24217e-38           0.419041              0               
17     1.99247e-22     3.93685e-23           8.33485e-22           5.99163e-27           4.07611e-46           0.420214              0               
18     1.37168e-08     5.99906e-08           9.9857e-11            4.95734e-17           1.81966e-34           0.0997454             0               
19     1.47822e-24     6.78701e-29           3.45923e-24           3.01648e-24           2.70249e-31           0.717341              0               
20     4.25015e-16     3.16263e-16           1.54471e-15           9.2837e-19            1.34904e-30           0.37857               0               
21     6.85481e-17     1.71717e-16           1.28575e-16           2.86399e-21           1.10058e-36           0.243138              0               
22     5.29725e-21     5.56419e-23           2.29722e-20           1.78302e-22           2.72239e-33           0.439218              0               
23     2.97372e-50     1.99601e-67           5.15734e-54           1.30207e-49           6.08141e-53           1.04151               0               
24     2.1406e-44      2.84929e-55           6.76958e-46           9.30982e-44           1.30808e-49           1.03634               0               
25     8.79664e-29     3.11659e-34           1.50046e-28           2.35317e-28           1.17774e-35           0.805014              0               
26     1.33288e-15     9.29114e-17           4.9565e-15            7.89661e-16           1.69133e-21           0.511888              0               
27     2.64297e-42     2.7109e-56            3.20525e-45           1.15676e-41           7.47958e-45           1.04168               0               
28     5.35013e-49     5.71599e-66           1.37741e-52           2.34278e-48           8.60931e-52           1.04132               0               
29     5.30557e-63     1.62574e-86           3.25803e-69           1.72174e-62           6.02523e-63           1.49821               0               
30     2.44328e-34     1.53029e-39           1.02847e-33           4.18816e-35           9.06209e-46           0.459059              0               
31     5.04711e-24     3.76984e-25           2.15989e-23           1.3442e-25            5.38717e-36           0.433321              0               
32     9.78422e-39     2.72113e-45           3.60901e-38           6.77255e-39           4.13522e-49           0.531019              0               
33     2.71008e-10     1.18515e-09           2.08146e-12           1.88447e-19           1.19979e-39           0.0997761             0               
34     0.00407596      0.00187118            5.46629e-08           5.83717e-16           2.78665e-37           0.0103954             0.041977        
35     0.00802587      0.00789493            5.04793e-06           1.441e-11             4.24974e-26           0.0223344             0.071586        
36     8.88737e-13     3.72354e-12           1.69834e-13           3.44654e-19           7.52187e-35           0.113852              0               
37     3.24679e-09     1.42153e-08           8.2255e-12            3.07306e-19           1.70752e-37           0.0993811             0               
38     0.00223325      0.0012706             8.02281e-08           2.71426e-15           3.49341e-36           0.0128852             0.022355        
39     0.00407596      0.00187118            5.46629e-08           5.83717e-16           2.78665e-37           0.0103954             0.041977        
40     1.30316e-06     5.14542e-06           5.61642e-07           1.79583e-09           2.6636e-17            0.132557              0               
41     6.2203e-64      7.25027e-86           1.20017e-70           2.48804e-64           2.47618e-63           2.64439               0               
42     0.00649581      0.00212584            2.32469e-08           1.30544e-16           1.10063e-35           0.00741               0.069147        
43     0.00407596      0.00187118            5.46629e-08           5.83717e-16           2.78665e-37           0.0103954             0.041977        
44     1.65681e-67     6.03557e-100          1.51257e-78           2.925e-69             7.22891e-67           2.79842               0               
45     7.56973e-50     1.07064e-65           4.62491e-53           3.31543e-49           2.4963e-53            1.04076               0               
46     4.21845e-15     6.91907e-15           1.1554e-14            7.13904e-18           1.38983e-28           0.309737              0               
47     8.39853e-87     2.78537e-143          8.99789e-113          2.83243e-97           3.67923e-86           2.80553               0               
48     0.079066        0.079066              0.079066              0.079066              0.079066              1                     0.079066        
49     0.055941        0.055941              0.055941              0.055941              0.055941              1                     0.055941        
50     0.055941        0.055941              0.055941              0.055941              0.055941              1                     0.055941        
51     0.055941        0.055941              0.055941              0.055941              0.055941              1                     0.055941        
52     0.04404         0.04404               0.04404               0.04404               0.04404               1                     0.04404         
53     0.057337        0.057337              0.057337              0.057337              0.057337              1                     0.057337        
54     0.079066        0.079066              0.079066              0.079066              0.079066              1                     0.079066        
55     0.057337        0.057337              0.057337              0.057337              0.057337              1                     0.057337        
56     0.057337        0.057337              0.057337              0.057337              0.057337              1                     0.057337        
57     0.062157        0.062157              0.062157              0.062157              0.062157              1                     0.062157        
58     0.057337        0.057337              0.057337              0.057337              0.057337              1                     0.057337        
59     0.055941        0.055941              0.055941              0.055941              0.055941              1                     0.055941        
60     0.057337        0.057337              0.057337              0.057337              0.057337              1                     0.057337        
61     0.012937        0.012937              0.012937              0.012937              0.012937              1                     0.012937        
62     0.055941        0.055941              0.055941              0.055941              0.055941              1                     0.055941        
63     0.069147        0.069147              0.069147              0.069147              0.069147              1                     0.069147        
64     1.12836e-62     9.22307e-93           2.39051e-73           8.02765e-65           4.93507e-62           2.80266               0               
65     3.02174e-42     2.43538e-47           1.32131e-41           2.45552e-44           2.60029e-61           0.436495              0               
66     2.97898e-50     2.1078e-68            4.77161e-55           9.23054e-50           3.81972e-50           1.55725               0               
67     1.4414e-44      9.77816e-56           2.87903e-45           6.02659e-44           1.53024e-52           1.01311               0               
68     6.40734e-73     8.29126e-111          3.6636e-87            1.56789e-76           2.80677e-72           2.80543               0               
69     9.50599e-32     9.8855e-36            3.65563e-31           5.08648e-32           1.03938e-40           0.509302              0               
70     1.24099e-36     2.96288e-45           1.99528e-36           3.44126e-36           2.62823e-45           0.818543              0               
71     4.23413e-15     3.6671e-18            2.976e-15             1.45291e-14           1.04012e-15           1.04236               0               
72     2.3481e-71      3.63434e-109          1.28101e-87           3.52997e-77           1.02865e-70           2.80553               0               
73     5.76321e-86     1.54412e-126          2.70394e-102          2.65305e-91           2.52474e-85           2.80553               0               
74     6.2982e-90      2.11045e-144          3.35812e-115          2.39e-100             2.75911e-89           2.80553               0               
75     0.057337        0.057337              0.057337              0.057337              0.057337              1                     0.057337        
76     0.055941        0.055941              0.055941              0.055941              0.055941              1                     0.055941        
77     0.099081        0.099081              0.099081              0.099081              0.099081              1                     0.099081        
78     0.057337        0.057337              0.057337              0.057337              0.057337              1                     0.057337        
79     0.057337        0.057337              0.057337              0.057337              0.057337              1                     0.057337        
80     0.057337        0.057337              0.057337              0.057337              0.057337              1                     0.057337        
81     0.000940477     0.000122656           0.000513078           0.00112426            0.00236005            1.94822               0               
82     4.17323e-70     6.28703e-113          3.95805e-90           1.51393e-78           1.82821e-69           2.80553               0               
83     6.81549e-47     5.84041e-74           3.26429e-57           1.41781e-49           2.98431e-46           2.80469               0               
84     3.46159e-06     9.05032e-08           1.24916e-06           4.07644e-06           9.74841e-06           2.11973               0               
85     2.69362e-08     1.79056e-11           1.05158e-09           9.33535e-09           1.07597e-07           2.64438               0               
86     1.21574e-54     1.94313e-78           2.29306e-63           1.62536e-56           5.30967e-54           2.80014               0               
87     2.29221e-70     2.12145e-109          1.39939e-87           1.03313e-76           1.00417e-69           2.80553               0               
88     3.62311e-07     1.72421e-10           1.42351e-08           1.6126e-07            1.41154e-06           2.60467               0               
89     0.000431643     7.95572e-05           0.000304527           0.000575309           0.000931546           1.77302               0               
90     0.000929306     9.05242e-05           0.0004261             0.00106516            0.00248931            2.03553               0               
91     0.000360735     6.37837e-05           0.000243613           0.00047148            0.00080143            1.80439               0               
92     1.49235e-05     6.53178e-05           5.90958e-08           5.82858e-14           4.94788e-30           0.0994906             0               
93     5.24378e-33     7.07869e-38           1.21434e-32           1.08284e-32           1.63176e-40           0.720713              0               
94     1.72191e-28     3.67184e-32           6.48328e-28           1.05969e-28           2.60626e-37           0.520394              0               
95     3.58232e-46     6.41513e-58           3.30717e-47           1.53627e-45           1.37554e-53           1.02795               0               
96     6.21387e-73     6.36254e-109          9.50125e-88           1.06756e-77           2.72216e-72           2.80552               0               
97     2.19115e-30     1.02112e-36           8.48738e-30           1.11162e-30           1.07535e-41           0.505474              0               
98     1.58871e-85     7.35992e-139          2.34198e-109          8.32157e-95           6.95983e-85           2.80553               0               
99     2.82743e-74     7.06973e-121          1.17548e-94           8.05423e-82           1.23864e-73           2.80553               0               
100    4.48067e-28     1.46211e-33           2.40469e-28           1.72238e-27           4.36567e-32           0.966589              0               
101    9.59416e-16     2.20232e-15           2.00034e-15           3.46509e-19           6.34394e-32           0.259265              0               
102    1.29482e-09     5.67093e-09           1.42557e-12           6.15468e-20           7.58134e-38           0.0992712             0               
103    6.21285e-06     2.72159e-05           1.36495e-09           1.92872e-17           4.33195e-36           0.0992036             0               
104    5.67442e-27     4.44486e-30           2.48194e-26           3.46434e-29           1.57051e-41           0.436156              0               
105    2.55864e-09     1.09829e-08           2.26033e-10           1.07792e-14           1.21918e-26           0.105967              0               
106    0.00727992      0.0147554             0.000365689           4.85954e-07           2.61412e-15           0.0508987             0.04404         
107    0.00791453      0.00456354            3.31911e-07           2.109e-14             4.27585e-33           0.0130592             0.079066        
108    0.00483348      0.0050619             4.12758e-06           1.60712e-11           5.04403e-26           0.0237961             0.042302        
109    0.057337        0.057337              0.057337              0.057337              0.057337              1                     0.057337        
110    0.057337        0.057337              0.057337              0.057337              0.057337              1                     0.057337        
111    0.04404         0.04404               0.04404               0.04404               0.04404               1                     0.04404         
112    0.055941        0.055941              0.055941              0.055941              0.055941              1                     0.055941        
113    0.061197        0.061197              0.061197              0.061197              0.061197              1                     0.061197        
114    0.055941        0.055941              0.055941              0.055941              0.055941              1                     0.055941        
115    0.04404         0.04404               0.04404               0.04404               0.04404               1                     0.04404         
116    0.057337        0.057337              0.057337              0.057337              0.057337              1                     0.057337        
117    0.057337        0.057337              0.057337              0.057337              0.057337              1                     0.057337        
118    0.04404         0.04404               0.04404               0.04404               0.04404               1                     0.04404         
119    0.079066        0.079066              0.079066              0.079066              0.079066              1                     0.079066        
120    0.079066        0.079066              0.079066              0.079066              0.079066              1                     0.079066        
121    0.04404         0.04404               0.04404               0.04404               0.04404               1                     0.04404         
122    0.04404         0.04404               0.04404               0.04404               0.04404               1                     0.04404         
123    0.061197        0.061197              0.061197              0.061197              0.061197              1                     0.061197        
124    0.099081        0.099081              0.099081              0.099081              0.099081              1                     0.099081        
125    0.053287        0.053287              0.053287              0.053287              0.053287              1                     0.053287        
126    0.061197        0.061197              0.061197              0.061197              0.061197              1                     0.061197        
127    0.055941        0.055941              0.055941              0.055941              0.055941              1                     0.055941        
128    0.057337        0.057337              0.057337              0.057337              0.057337              1                     0.057337        
129    0.055941        0.055941              0.055941              0.055941              0.055941              1                     0.055941        
130    0.061197        0.061197              0.061197              0.061197              0.061197              1                     0.061197        
131    0.069147        0.069147              0.069147              0.069147              0.069147              1                     0.069147        
132    0.00851322      0.0152836             0.000177315           6.39171e-08           1.2101e-17            0.042719              0.057337        
133    8.98268e-07     3.93377e-06           1.35515e-09           2.35836e-16           1.89744e-34           0.0993025             0               
134    9.67906e-29     2.02842e-31           4.23743e-28           7.43574e-32           5.42913e-48           0.435318              0               
135    4.55077e-31     1.55568e-35           1.8716e-30            1.21988e-31           6.34691e-41           0.472411              0               
136    2.82295e-31     4.94451e-37           8.23627e-31           4.13052e-31           9.67935e-41           0.637555              0               
137    0.00802587      0.00789493            5.04793e-06           1.441e-11             4.24974e-26           0.0223344             0.071586        
138    1.14598e-06     5.02029e-06           2.81762e-11           2.63395e-21           1.4911e-48            0.0991886             0               
139    5.34869e-51     1.61932e-63           1.69318e-52           2.32622e-50           7.92965e-58           1.03633               0               
140    5.92362e-66     3.35314e-103          1.2649e-81            3.51219e-71           2.59502e-65           2.80553               0               
141    1.39159e-22     8.4403e-25            5.95389e-22           1.33935e-23           1.12144e-32           0.448207              0               
142    1.29122e-50     3.25262e-68           1.68709e-54           5.65221e-50           4.18677e-53           1.042                 0               
143    3.69656e-61     8.05853e-93           1.50569e-72           1.54432e-63           1.61785e-60           2.80385               0               
144    1.07062e-47     3.67027e-66           6.15081e-52           4.68192e-47           8.20006e-50           1.04379               0               
145    1.31234e-51     3.64308e-69           5.78845e-56           5.3152e-51            4.33846e-52           1.17388               0               
146    1.52196e-36     8.0005e-42            6.39163e-36           2.75778e-37           1.39011e-48           0.46041               0               
147    5.84618e-50     1.19928e-63           6.46201e-52           2.55463e-49           2.81161e-56           1.03918               0               
148    1.76856e-28     5.74522e-32           7.73711e-28           1.00075e-30           2.68275e-44           0.43613               0               
149    1.47819e-07     6.47419e-07           1.43815e-10           5.00188e-18           3.31843e-36           0.0992614             0               
150    0.00587644      0.00553851            2.92193e-06           5.73504e-12           4.32107e-27           0.0213887             0.053052        
151    5.07737e-07     2.22409e-06           1.98275e-10           3.01021e-18           2.31608e-39           0.0992167             0               
152    0.00511176      0.00210202            4.19447e-08           2.57909e-16           6.66497e-38           0.00931118            0.053287        
153    0.00142734      0.00132594            5.95547e-07           5.89812e-13           3.08053e-30           0.0210741             0.012937        
154    0.00727992      0.0147554             0.000365689           4.85954e-07           2.61412e-15           0.0508987             0.04404         
155    5.56045e-07     2.24745e-06           1.88102e-07           3.68347e-10           1.18934e-18           0.125289              0               
156    0.00649799      0.00213536            2.37081e-08           1.36833e-16           1.2507e-35            0.00744071            0.069147        
157    5.36634e-24     2.26561e-25           2.32816e-23           6.92734e-28           5.48303e-45           0.432151              0               
158    4.69728e-08     2.04828e-07           9.497e-10             2.90235e-15           1.20874e-30           0.100738              0               
159    0.00649581      0.00212584            2.32469e-08           1.30544e-16           1.10063e-35           0.00741               0.069147        
160    0.00192717      0.00377394            7.38332e-05           6.32593e-08           8.54385e-17           0.0481533             0.012066        
161    1.25226e-47     4.74583e-57           6.24189e-48           4.86172e-47           1.43081e-56           0.971834              0               
162    5.36587e-37     7.0877e-43            2.21388e-36           1.36798e-37           7.66504e-50           0.4706                0               
163    3.28665e-13     1.43247e-12           7.34432e-15           2.03253e-21           2.48522e-38           0.100902              0               
164    9.94897e-18     1.47712e-18           4.20176e-17           8.97436e-20           5.53886e-31           0.425226              0               
165    4.73811e-46     2.44546e-59           4.73201e-48           2.07094e-45           2.1976e-51            1.03933               0               
166    1.17308e-28     1.91921e-31           5.13124e-28           5.84812e-31           1.34724e-45           0.435936              0               
167    1.38866e-45     8.76606e-59           9.67814e-48           6.07374e-45           2.62409e-50           1.03975               0               
168    5.06072e-58     7.12084e-84           4.85312e-66           1.06333e-58           2.11067e-57           2.72088               0               
169    1.47716e-50     3.38736e-64           4.26026e-53           6.46602e-50           8.41419e-54           1.04054               0               
170    2.72954e-57     4.69593e-88           3.62933e-69           1.71643e-60           1.19558e-56           2.80527               0               
171    5.99631e-56     1.87178e-72           1.66725e-59           2.62655e-55           1.50533e-59           1.04077               0               
172    3.42253e-06     1.49921e-05           1.34553e-09           2.06345e-17           1.61687e-38           0.0992169             0               
173    2.38899e-33     1.10506e-36           1.04603e-32           4.31323e-36           7.51537e-52           0.435587              0               
174    0.069147        0.069147              0.069147              0.069147              0.069147              1                     0.069147        
175    0.04404         0.04404               0.04404               0.04404               0.04404               1                     0.04404         
176    0.055941        0.055941              0.055941              0.055941              0.055941              1                     0.055941        
177    0.079066        0.079066              0.079066              0.079066              0.079066              1                     0.079066        
178    0.055941        0.055941              0.055941              0.055941              0.055941              1                     0.055941        
179    0.055941        0.055941              0.055941              0.055941              0.055941              1                     0.055941        
180    5.8116e-29      7.95677e-35           2.36934e-28           1.76602e-29           1.41611e-40           0.477363              0               
181    7.69207e-12     3.36159e-11           8.15003e-14           6.99448e-21           1.01948e-38           0.0999998             0               
182    0.00223325      0.0012706             8.02281e-08           2.71425e-15           3.4934e-36            0.0128852             0.022355        
183    1.60542e-05     6.69572e-05           3.37007e-06           2.84614e-09           1.38041e-18           0.115334              0               
184    5.8042e-06      2.54043e-05           2.26869e-08           2.18563e-14           1.76534e-30           0.0994867             0               
185    1.61983e-35     2.5637e-43            1.91148e-36           6.90464e-35           3.38848e-39           1.02449               0               
186    1.04664e-73     7.25154e-108          9.4891e-86            4.02306e-76           4.58111e-73           2.80398               0               
187    0.00223325      0.0012706             8.02281e-08           2.71425e-15           3.4934e-36            0.0128852             0.022355        
188    0.00802587      0.00789493            5.04793e-06           1.441e-11             4.24974e-26           0.0223344             0.071586        
189    0.00802587      0.00789493            5.04793e-06           1.441e-11             4.24974e-26           0.0223344             0.071586        
190    5.29524e-14     2.22068e-13           9.90531e-15           7.75224e-21           7.39597e-40           0.113542              0               
191    4.72439e-40     4.84404e-53           2.09518e-41           2.04871e-39           8.16048e-47           1.03458               0               
192    7.94867e-06     3.48094e-05           1.21768e-08           2.14473e-15           1.54986e-33           0.0993043             0               
193    0.00511176      0.00210202            4.19447e-08           2.57909e-16           6.66497e-38           0.00931118            0.053287        
194    1.67542e-28     4.24586e-31           7.31354e-28           2.18936e-30           5.87605e-43           0.436984              0               
195    0.00565236      0.00145821            5.74426e-09           2.86392e-18           2.30932e-41           0.00584116            0.061197        
196    4.0359e-20      3.79998e-20           1.38767e-19           3.75702e-23           2.44326e-36           0.363247              0               
197    8.72015e-20     2.13655e-19           1.68353e-19           4.00215e-24           1.53344e-39           0.247354              0               
198    4.177e-67       1.33473e-106          7.15836e-84           8.94663e-73           1.82986e-66           2.80553               0               
199    1.80408e-69     1.22049e-96           1.95703e-78           1.57561e-70           7.74574e-69           2.77034               0               
200    5.89295e-10     2.2196e-09            3.61898e-10           8.55563e-14           1.895e-25             0.146346              0               
201    1.4146e-33      1.93638e-43           2.59185e-34           5.93788e-33           2.20024e-39           1.01539               0               
202    3.48039e-29     1.66951e-33           1.51428e-28           1.03971e-30           5.03084e-43           0.439497              0               
203    5.70871e-29     3.87071e-32           2.49432e-28           6.16161e-31           6.89069e-43           0.436812              0               
204    6.9555e-18      2.71166e-17           3.35396e-18           1.11388e-22           3.22308e-36           0.136195              0               
205    3.44441e-43     2.24074e-53           9.38551e-44           1.41507e-42           5.32931e-51           1.00306               0               
206    8.63718e-41     1.25097e-51           6.2499e-41            3.15878e-40           6.34767e-52           0.940722              0               
207    1.10816e-80     1.98697e-127          7.76509e-101          5.28484e-88           4.85464e-80           2.80553               0               
208    5.66838e-17     1.10612e-17           2.36939e-16           3.19882e-19           7.7732e-31            0.421178              0               
209    4.51413e-09     1.97421e-08           3.33853e-11           1.67172e-17           5.47676e-35           0.0997543             0               
210    2.19642e-50     1.44916e-65           3.9943e-53            9.61799e-50           9.28418e-55           1.04047               0               
211    1.76598e-29     2.80623e-32           6.78496e-29           9.48619e-30           1.01283e-37           0.509476              0               
212    2.36731e-17     6.90799e-17           3.4627e-17            1.3927e-22            1.50782e-38           0.211438              0               
213    2.613e-39       1.02793e-46           3.30315e-39           8.14386e-39           5.05763e-48           0.866033              0               
214    1.45623e-57     3.19936e-80           2.02805e-63           5.7415e-57            6.37942e-58           1.21719               0               
215    5.80223e-08     2.44105e-07           1.00773e-08           1.15576e-12           1.15733e-24           0.112519              0               
216    5.27264e-20     3.96998e-20           1.91282e-19           1.58242e-24           2.50573e-40           0.377596              0               
217    1.9532e-29      2.26589e-34           5.46614e-29           3.09039e-29           5.79003e-37           0.654003              0               
218    2.59597e-60     8.86581e-79           8.39818e-65           1.10065e-59           3.65864e-61           1.09748               0               
219    6.96031e-11     2.38132e-13           3.64154e-11           2.0494e-10            6.33237e-11           1.33419               0               
220    6.3318e-49      1.10425e-65           1.06649e-53           1.16518e-48           1.60864e-48           2.06418               0               
221    5.63535e-06     1.9674e-06            1.09911e-05           1.02487e-05           1.48013e-06           0.801983              0               
222    4.82246e-08     1.1065e-10            7.86187e-09           5.64577e-08           1.46832e-07           2.24428               0               
223    7.09461e-05     2.70482e-05           0.000150119           0.00011967            1.39634e-05           0.745677              0               
224    0.0320244       0.0524175             0.0387164             0.0225311             0.00479377            0.420212              0.057337        
225    0.00038062      0.000413129           0.000790723           0.000439993           2.35753e-05           0.545323              0               
226    0.0218447       0.0474809             0.0202759             0.00455422            8.24857e-05           0.193403              0.061197        
227    1.89528e-28     8.61277e-33           1.81472e-28           6.48792e-28           1.22125e-32           0.908419              0               
228    3.14937e-12     1.70426e-15           8.25693e-13           7.98456e-12           4.9848e-12            1.642                 0               
229    4.28977e-08     2.05537e-09           3.4327e-08            1.01443e-07           5.01007e-08           1.39034               0               
230    9.92632e-59     1.07064e-79           4.22873e-64           4.21603e-58           1.32485e-59           1.09448               0               
231    8.32056e-50     7.80788e-70           5.50079e-55           3.02787e-49           6.17194e-50           1.33953               0               
232    1.06773e-55     3.26662e-79           1.58442e-62           9.36039e-56           3.74149e-55           2.45236               0               
233    4.63705e-39     6.17728e-49           3.12093e-40           2.00018e-38           5.05589e-44           1.03141               0               
234    2.16417e-19     5.44941e-21           9.34888e-19           7.74355e-21           3.26867e-31           0.438385              0               
235    5.16651e-46     4.19748e-61           1.87584e-48           2.26147e-45           1.68174e-52           1.04021               0               
236    9.28752e-75     3.82671e-117          5.04479e-92           3.12282e-80           4.06867e-74           2.80553               0               
237    4.18142e-26     1.33921e-28           1.81251e-25           1.79438e-27           1.75491e-38           0.441057              0               
238    3.27528e-11     9.9963e-11            4.35106e-11           9.68397e-15           4.35429e-27           0.201197              0               
239    0.000371461     6.71007e-05           0.00025456            0.000488405           0.000817229           1.79349               0               
240    6.79753e-66     3.25671e-93           2.70374e-74           1.6098e-66            2.81688e-65           2.71012               0               
241    0.04404         0.04404               0.04404               0.04404               0.04404               1                     0.04404         
242    3.43343e-74     1.29933e-98           1.45274e-80           1.18239e-73           3.21731e-74           1.4182                0               
243    5.15947e-22     4.83778e-22           1.77637e-21           1.09854e-25           1.30279e-40           0.363446              0               
244    1.12963e-68     1.94029e-92           3.30102e-74           4.93711e-68           1.1568e-70            1.04483               0               
245    1.73273e-19     7.45427e-19           1.36467e-20           2.93915e-27           1.5123e-46            0.105231              0               
246    2.55037e-69     1.51036e-103          2.21956e-82           7.16737e-73           1.11719e-68           2.80542               0               
247    2.01487e-26     6.97968e-30           4.71989e-26           4.10616e-26           5.28955e-32           0.716947              0               
248    2.57491e-05     0.000112382           4.19866e-07           4.18772e-12           3.99352e-26           0.100438              0               
249    2.8544e-17      4.83213e-17           7.66987e-17           2.57621e-20           9.98537e-33           0.305586              0               
250    0.00727992      0.0147554             0.000365689           4.85954e-07           2.61412e-15           0.0508987             0.04404         
251    1.01629e-30     1.05203e-36           1.10344e-30           3.34872e-30           1.86683e-37           0.89068               0               
252    1.61075e-73     3.0695e-102           8.45784e-83           9.86155e-75           6.95777e-73           2.78086               0               
253    4.38783e-51     3.19395e-59           1.24766e-51           1.79745e-50           5.96608e-57           1.00142               0               
254    2.79987e-06     1.22008e-05           6.4831e-08            1.60458e-12           1.10037e-24           0.100964              0               
255    0.057337        0.057337              0.057337              0.057337              0.057337              1                     0.057337        
256    0.061197        0.061197              0.061197              0.061197              0.061197              1                     0.061197        
257    2.78315e-74     1.8433e-114           2.04986e-91           3.14045e-80           1.21924e-73           2.80553               0               
258    1.30207e-55     7.74562e-74           7.05676e-60           5.61759e-55           8.64346e-57           1.06744               0               
259    2.40908e-30     2.15491e-35           1.03304e-29           2.23229e-31           8.01273e-43           0.448176              0               
260    0.00851322      0.0152836             0.000177315           6.39171e-08           1.2101e-17            0.042719              0.057337        
261    2.15852e-36     1.63251e-44           1.82814e-36           7.62789e-36           1.11092e-43           0.923679              0               
262    2.56645e-05     0.000112396           3.56224e-08           5.31011e-15           2.51229e-33           0.0992932             0               
263    1.00183e-05     4.38819e-05           6.02633e-09           1.72206e-16           2.58818e-37           0.0992329             0               
264    3.2875e-06      1.44008e-05           1.11156e-09           1.10468e-17           9.75512e-40           0.0992127             0               
265    3.60434e-06     1.57883e-05           1.60532e-09           2.96043e-17           2.92343e-38           0.0992209             0               
266    7.32785e-06     3.20985e-05           3.34486e-09           6.31642e-17           6.14065e-38           0.0992217             0               
267    5.5547e-07      2.43339e-06           1.5096e-11            1.72323e-21           1.48351e-48           0.0991888             0               
268    1.7195e-18      3.50869e-19           7.14431e-18           3.75888e-20           6.70495e-30           0.422734              0               
269    1.79795e-09     7.72911e-09           1.47358e-10           9.5189e-16            5.98339e-31           0.105476              0               
270    1.09655e-35     2.89462e-45           3.98846e-37           4.76358e-35           2.91866e-39           1.03579               0               
271    6.52433e-10     2.6443e-09            2.13862e-10           1.33271e-14           1.35467e-27           0.124346              0               
272    2.06474e-09     9.04104e-09           4.16571e-12           1.90551e-19           5.19612e-40           0.0993415             0               
273    4.92251e-43     1.13552e-54           7.2464e-45            2.14919e-42           1.45776e-47           1.03869               0               
274    0.057337        0.057337              0.057337              0.057337              0.057337              1                     0.057337        
275    0.057337        0.057337              0.057337              0.057337              0.057337              1                     0.057337        
276    0.057337        0.057337              0.057337              0.057337              0.057337              1                     0.057337        
277    0.057337        0.057337              0.057337              0.057337              0.057337              1                     0.057337        
278    0.099081        0.099081              0.099081              0.099081              0.099081              1                     0.099081        
279    0.079066        0.079066              0.079066              0.079066              0.079066              1                     0.079066        
280    0.042302        0.042302              0.042302              0.042302              0.042302              1                     0.042302        
281    0.055941        0.055941              0.055941              0.055941              0.055941              1                     0.055941        
282    0.034155        0.034155              0.034155              0.034155              0.034155              1                     0.034155        
283    0.042302        0.042302              0.042302              0.042302              0.042302              1                     0.042302        
284    0.04404         0.04404               0.04404               0.04404               0.04404               1                     0.04404         
285    0.041977        0.041977              0.041977              0.041977              0.041977              1                     0.041977        
286    0.057337        0.057337              0.057337              0.057337              0.057337              1                     0.057337        
287    3.63291e-43     3.43938e-52           8.30601e-44           1.50844e-42           2.11047e-49           1.00912               0               
288    2.50519e-21     3.36673e-21           7.60791e-21           8.14927e-26           6.52107e-41           0.332245              0               
289    4.64911e-15     2.47833e-16           1.89931e-14           1.12589e-15           6.66702e-23           0.464746              0               
290    4.30502e-25     3.83342e-28           1.84017e-24           4.53855e-26           1.51813e-36           0.449872              0               
291    5.46458e-24     2.01215e-26           2.28732e-23           1.04589e-24           4.02584e-33           0.461537              0               
292    5.00131e-32     2.67641e-38           4.80601e-32           1.71037e-31           5.63034e-38           0.907926              0               
293    1.77631e-12     6.13211e-12           1.64937e-12           1.83706e-16           3.46873e-29           0.170465              0               
294    4.55599e-36     3.86542e-44           2.13877e-36           1.78201e-35           1.09586e-42           0.975842              0               
295    7.42697e-43     1.26909e-50           1.57759e-42           1.67601e-42           5.13075e-53           0.747197              0               
296    8.03238e-25     3.61634e-25           3.15719e-24           4.25633e-30           1.36266e-51           0.400823              0               
297    5.09972e-30     1.72193e-35           2.20545e-29           2.86351e-31           1.77421e-45           0.443132              0               
298    1.30673e-60     2.08128e-83           1.49654e-66           4.60652e-60           1.118e-60             1.38538               0               
299    1.33937e-33     4.75992e-39           3.67089e-33           2.19663e-33           3.69586e-42           0.661993              0               
300    1.65326e-38     1.34343e-52           1.57277e-41           7.2302e-38            1.08194e-40           1.04321               0               
301    0.00880738      0.0165019             0.000247498           1.39918e-07           8.95132e-17           0.0452183             0.057337        
302    4.15957e-15     2.76481e-15           1.51685e-14           2.8896e-16            1.79984e-23           0.393963              0               
303    1.62645e-55     1.11076e-71           8.56738e-59           7.12312e-55           1.16531e-58           1.04092               0               
304    1.9323e-67      6.81739e-100          4.17297e-80           5.42641e-71           8.46446e-67           2.80542               0               
305    1.30607e-39     8.47005e-50           9.79933e-41           5.62362e-39           1.18172e-44           1.03035               0               
306    9.33951e-59     9.54758e-82           1.26297e-64           3.98643e-58           1.05017e-59           1.08601               0               
307    3.1351e-75      1.19761e-123          9.34606e-97           1.96811e-83           1.37342e-74           2.80553               0               
308    9.23353e-18     2.18114e-17           1.86385e-17           3.82291e-22           6.25122e-39           0.254102              0               
309    6.0782e-21      3.0275e-23            2.59382e-20           6.589e-22             1.4799e-31            0.44997               0               
310    8.83298e-55     1.19114e-73           1.97908e-58           3.86934e-54           9.57216e-60           1.04068               0               
311    3.17475e-39     1.37756e-47           3.6475e-39            1.02605e-38           5.17125e-48           0.881954              0               
312    2.26698e-28     1.05925e-31           9.49303e-28           4.37069e-29           2.88782e-39           0.461978              0               
313    4.8387e-15      1.53106e-14           5.88657e-15           1.96655e-19           2.25234e-34           0.192555              0               
314    0.00516465      0.00233371            6.5611e-08            7.10778e-16           5.9766e-37            0.010232              0.053287        
315    0.00580233      0.00174964            1.42805e-08           5.07395e-17           2.65943e-36           0.0068275             0.062157        
316    5.17089e-06     2.26056e-05           4.70021e-08           1.23177e-13           2.50329e-30           0.0998843             0               
317    3.475e-15       1.24723e-14           2.7507e-15            2.15104e-19           1.38479e-32           0.159946              0               
318    4.85254e-06     2.125e-05             7.99782e-09           1.57166e-15           1.29502e-33           0.0993132             0               
319    6.04937e-07     2.64976e-06           3.42013e-10           9.16109e-18           2.07804e-38           0.0992301             0               
320    1.91734e-06     8.39878e-06           6.79025e-10           7.42224e-18           1.06741e-39           0.0992139             0               
321    9.24303e-27     2.07248e-28           3.98886e-26           3.95957e-28           4.17514e-38           0.439572              0               
322    1.42517e-06     6.22621e-06           1.71774e-08           1.04771e-13           3.60025e-28           0.100112              0               
323    5.04076e-06     2.20805e-05           2.00899e-09           2.65408e-17           4.72524e-39           0.0992173             0               
324    7.38086e-09     3.19109e-08           4.23122e-10           7.38386e-15           1.10062e-28           0.103586              0               
325    0.00793471      0.00465192            3.61137e-07           2.58261e-14           7.43152e-33           0.0132785             0.079066        
326    1.90931e-31     1.1613e-35            8.34566e-31           1.85309e-33           8.80188e-49           0.436709              0               
327    9.15497e-58     9.07899e-79           2.05692e-63           2.30587e-57           1.70473e-57           1.79086               0               
328    4.15437e-53     6.80071e-72           9.3696e-58            1.70802e-52           1.11919e-53           1.14923               0               
329    3.43017e-25     1.39691e-27           1.49952e-24           1.77338e-27           2.66967e-41           0.435775              0               
330    2.62988e-12     5.51972e-15           1.76978e-12           9.00493e-12           7.40758e-13           1.06074               0               
331    5.30034e-15     8.40463e-20           2.17826e-16           6.68754e-15           1.63143e-14           2.275                 0               
332    2.35794e-15     3.3755e-20            2.55923e-16           7.25457e-15           2.81913e-15           1.50736               0               
333    1.42942e-14     1.2027e-18            2.24322e-15           3.89148e-14           2.14606e-14           1.62383               0               
334    2.00994e-08     9.95888e-09           5.03199e-08           2.74428e-08           3.29609e-10           0.594886              0               
335    1.38409e-07     7.92239e-08           3.64461e-07           1.61587e-07           1.07079e-09           0.556952              0               
336    4.56242e-18     7.4308e-23            4.40925e-19           1.14587e-17           8.08728e-18           1.74144               0               
337    7.32838e-08     1.39735e-08           1.21667e-07           1.66248e-07           1.91527e-08           0.875605              0               
338    8.11491e-26     2.50392e-38           9.34073e-31           3.29939e-27           3.52197e-25           2.78914               0               
339    0.011613        0.0260474             0.00151211            1.11389e-05           4.34279e-11           0.0639513             0.061197        
340    1.9856e-21      4.7363e-33            2.52223e-26           5.68625e-23           8.64163e-21           2.79398               0               
341    3.44537e-06     2.33244e-06           9.28456e-06           3.45587e-06           2.05764e-08           0.525253              0               
342    4.56953e-05     6.62039e-05           0.000102294           3.1505e-05            1.78999e-07           0.421578              0               
343    3.72908e-16     4.79144e-21           3.47932e-17           1.05257e-15           5.46263e-16           1.61794               0               
344    4.33499e-16     1.26629e-22           4.21078e-18           3.78585e-16           1.51628e-15           2.44845               0               
345    9.61032e-05     0.000206372           0.0001854             2.9164e-05            7.26867e-08           0.312921              0               
346    9.16057e-07     5.21503e-07           2.41309e-06           1.07224e-06           6.22581e-09           0.5571                0               
347    9.07674e-13     4.25046e-18           1.3278e-14            5.67755e-13           3.3953e-12            2.54562               0               
348    0.0195262       0.0464837             0.0109343             0.000861704           8.60922e-07           0.120064              0.071586        
349    0.00902196      0.021471              0.002475              5.34329e-05           1.24165e-09           0.0825536             0.040767        
350    0.000392434     7.70866e-05           0.000296317           0.000560031           0.000785739           1.70076               0               
351    0.000267145     2.93188e-05           0.000131144           0.000311309           0.000698535           2.00268               0               
352    5.0978e-46      1.00217e-57           1.95529e-47           2.21369e-45           1.17364e-51           1.03541               0               
353    4.36061e-50     4.81303e-74           7.54632e-58           5.83833e-51           1.85191e-49           2.75159               0               
354    4.69999e-65     7.93161e-99           6.70587e-78           1.97856e-68           2.05877e-64           2.80536               0               
355    1.6177e-63      2.08745e-94           1.62244e-75           6.99245e-67           7.08611e-63           2.80535               0               
356    3.37913e-46     2.82702e-65           8.85391e-53           2.46297e-47           1.4557e-45            2.77617               0               
357    7.51708e-50     5.20672e-75           1.92491e-60           1.50326e-53           3.29293e-49           2.80545               0               
358    1.67486e-40     1.42572e-52           2.24174e-43           5.83656e-40           1.49842e-40           1.40094               0               
359    5.33957e-44     9.64371e-67           2.23771e-53           4.29027e-47           2.33873e-43           2.8052                0               
360    2.0474e-21      1.39043e-26           4.47209e-22           8.12137e-21           4.0064e-22            1.08936               0               
361    1.78587e-34     6.56648e-53           4.28609e-42           3.79003e-37           7.81973e-34           2.80467               0               
362    1.64438e-24     1.27212e-32           1.39229e-26           3.09835e-24           4.09141e-24           2.04189               0               
363    4.66373e-22     8.4412e-32            1.46376e-25           8.54194e-23           1.95752e-21           2.73157               0               
364    3.45899e-19     1.79923e-26           1.62105e-21           2.12823e-19           1.30087e-18           2.55513               0               
365    0.057337        0.057337              0.057337              0.057337              0.057337              1                     0.057337        
366    6.29011e-07     2.51818e-07           1.48941e-06           9.97074e-07           1.72706e-08           0.63854               0               
367    6.84613e-11     2.18111e-11           2.12387e-10           6.56618e-11           5.52591e-14           0.54389               0               
368    0.0126258       0.0294341             0.00253843            3.49819e-05           4.05222e-10           0.0734218             0.061197        
369    2.45641e-11     3.16748e-14           1.25759e-11           8.17141e-11           1.32887e-11           1.18763               0               
370    1.18143e-23     5.49483e-33           3.36843e-27           1.61335e-24           5.01393e-23           2.75036               0               
371    5.04018e-13     5.17573e-15           9.00027e-13           1.3001e-12            2.70157e-15           0.793914              0               
372    0.0195262       0.0464837             0.0109343             0.000861704           8.60922e-07           0.120064              0.071586        
373    4.57212e-10     4.75346e-11           9.38369e-10           9.97527e-10           1.95228e-11           0.751971              0               
374    1.73519e-21     1.38777e-29           2.19037e-24           5.30011e-22           7.06929e-21           2.68179               0               
375    7.67819e-20     7.9153e-28            3.3737e-22            8.19902e-20           2.54038e-19           2.37297               0               
376    6.66769e-09     8.71869e-11           7.79985e-09           2.03753e-08           9.47473e-10           0.933502              0               
377    0.0202025       0.0442634             0.0184765             0.00388414            4.54769e-05           0.187613              0.057337        
378    2.8626e-19      1.06692e-27           1.89844e-22           5.62242e-20           1.19763e-18           2.72605               0               
379    1.54911e-16     2.08773e-23           1.68376e-18           2.06151e-16           4.708e-16             2.26354               0               
380    1.26064e-23     4.97442e-38           3.87672e-30           4.49836e-26           5.51811e-23           2.80409               0               
381    1.94019e-19     3.05998e-28           1.69028e-22           6.5724e-20            7.84063e-19           2.66859               0               
382    9.57423e-22     1.31178e-33           1.16062e-26           2.94346e-23           4.16483e-21           2.79314               0               
383    8.22075e-27     2.09433e-44           1.75115e-35           1.3701e-30            3.60121e-26           2.80546               0               
384    2.53193e-26     3.31569e-45           1.04307e-35           1.80129e-30           1.10917e-25           2.8055                0               
385    2.56008e-12     1.0746e-16            8.63279e-14           1.93766e-12           9.19108e-12           2.48235               0               
386    0.000725984     0.000193557           0.000682293           0.00112112            0.00118342            1.51023               0               
387    0.00122864      0.000217989           0.000844382           0.00164049            0.00267954            1.7862                0               
388    0.00329093      0.000817623           0.00288175            0.00482207            0.00589547            1.588                 0               
389    0.069147        0.069147              0.069147              0.069147              0.069147              1                     0.069147        
390    7.96739e-26     3.67794e-39           2.61092e-31           1.68011e-27           3.47355e-25           2.79703               0               
391    7.91474e-26     1.69648e-34           6.02763e-29           1.67016e-26           3.29967e-25           2.72011               0               
392    1.96223e-29     2.1596e-44            6.94401e-36           7.14493e-32           8.58898e-29           2.80406               0               
393    1.30612e-17     1.01476e-24           1.32926e-19           1.8745e-17            3.83405e-17           2.22186               0               
394    4.0223e-42      9.0891e-57            3.15912e-45           1.75918e-41           2.59496e-44           1.0432                0               
395    7.92521e-06     3.46107e-05           1.08017e-07           8.36326e-13           5.63624e-27           0.100233              0               
396    1.30557e-44     9.6662e-59            2.20849e-47           5.71613e-44           1.11376e-47           1.04082               0               
397    3.06595e-38     1.05967e-46           4.21801e-38           9.21328e-38           1.75582e-47           0.850607              0               
398    6.67123e-29     6.75063e-36           4.40704e-29           2.48183e-28           1.88991e-34           0.949428              0               
399    3.34521e-16     8.27021e-16           6.38444e-16           5.71225e-21           4.87829e-36           0.245653              0               
400    5.3519e-27      3.46195e-30           2.33824e-26           5.97553e-29           6.89473e-41           0.436866              0               
401    0.00883366      0.0166099             0.000254692           1.49864e-07           1.07944e-16           0.0454416             0.057337        
402    0.00883366      0.0166099             0.000254692           1.49864e-07           1.07944e-16           0.0454416             0.057337        
403    9.79775e-35     7.41945e-45           2.47845e-36           4.267e-34             4.15399e-38           1.03738               0               
404    1.59706e-10     6.89955e-10           9.68465e-12           2.61695e-17           3.38679e-34           0.10384               0               
405    1.49457e-06     6.54719e-06           2.15007e-10           7.26021e-19           1.21314e-40           0.0991977             0               
406    1.49457e-06     6.54719e-06           2.15007e-10           7.26021e-19           1.21314e-40           0.0991977             0               
407    3.32484e-06     1.45623e-05           3.10044e-09           1.86222e-16           1.70007e-36           0.0992583             0               
408    1.21735e-05     5.33244e-05           5.04236e-09           8.48288e-17           8.43387e-38           0.0992185             0               
409    5.16677e-44     3.67171e-53           3.4365e-44            1.91981e-43           8.77945e-53           0.948804              0               
410    2.50598e-17     9.61308e-17           1.36511e-17           6.5251e-23            7.0064e-41            0.140991              0               
411    9.06425e-11     3.55612e-10           4.14675e-11           6.68931e-15           3.57449e-26           0.13431               0               
412    0.00195776      0.000117393           0.000856006           0.00254634            0.00505682            2.00796               0               
413    5.55121e-38     1.84226e-43           1.37781e-37           1.05406e-37           6.65061e-46           0.697746              0               
414    2.96305e-15     9.12103e-15           3.85868e-15           8.02502e-19           5.72283e-31           0.199182              0               
415    3.81284e-17     1.62625e-16           4.40771e-18           3.3665e-24            1.39569e-40           0.108058              0               
416    1.76251e-38     5.12218e-49           8.45535e-40           7.63663e-38           1.01699e-43           1.03408               0               
417    1.58152e-66     6.58936e-94           1.24127e-76           8.23452e-69           6.92009e-66           2.80343               0               
418    1.14062e-07     4.3701e-10            2.39569e-08           1.33057e-07           3.42234e-07           2.21959               0               
419    1.21294e-75     1.71624e-112          1.02463e-89           2.86185e-79           5.31337e-75           2.80543               0               
420    2.14575e-51     6.96686e-70           6.07271e-56           9.12192e-51           2.78099e-52           1.09292               0               
421    1.79875e-39     2.87537e-50           9.65668e-42           7.80631e-39           6.39977e-41           1.0543                0               
422    2.02913e-46     1.33249e-61           7.1318e-49            8.882e-46             7.04026e-51           1.04024               0               
423    0.0646          0.0646                0.0646                0.0646                0.0646                1                     0.0646          
424    0.053052        0.053052              0.053052              0.053052              0.053052              1                     0.053052        
425    0.022355        0.022355              0.022355              0.022355              0.022355              1                     0.022355        
426    4.25423e-48     5.55703e-63           6.01724e-52           1.33292e-47           5.30715e-48           1.54325               0               
427    3.28216e-43     1.29454e-54           1.19157e-44           1.42593e-42           1.93242e-48           1.03569               0               
428    1.49039e-27     1.50391e-35           2.57311e-28           6.27176e-27           2.17301e-32           1.01686               0               
429    3.11606e-17     1.13437e-16           2.30703e-17           1.2026e-21            5.20223e-36           0.156011              0               
430    1.12008e-24     5.88994e-29           4.87632e-24           3.04803e-26           2.21333e-38           0.439129              0               
431    3.89203e-23     1.1253e-24            1.6846e-22            9.1694e-25            9.48071e-36           0.43641               0               
432    1.57875e-65     5.21928e-91           4.941e-73             1.40324e-65           5.51295e-65           2.44746               0               
433    6.99154e-55     2.86651e-71           2.80924e-58           3.06175e-54           8.17982e-58           1.04112               0               
434    3.88741e-67     1.21404e-104          4.72154e-82           1.11828e-71           1.70299e-66           2.80552               0               
435    5.09377e-30     6.13497e-32           2.1838e-29            4.15451e-31           4.46632e-41           0.445719              0               
436    2.05729e-20     8.06972e-21           8.20535e-20           2.41377e-24           1.05874e-38           0.405288              0               
437    1.20382e-62     1.62062e-93           2.54472e-75           1.27474e-66           5.27357e-62           2.80549               0               
438    4.69006e-63     1.40013e-92           5.41611e-75           8.54005e-67           2.05453e-62           2.80545               0               
439    2.80398e-64     2.16095e-97           2.03694e-77           4.13524e-68           1.22832e-63           2.80547               0               
440    1.17876e-14     7.78892e-24           3.59375e-19           1.51707e-16           5.1487e-14            2.80033               0               
441    1.91878e-13     6.62247e-19           2.15369e-15           9.8865e-14            7.39561e-13           2.59188               0               
442    5.32043e-23     8.2289e-35            1.15019e-28           2.27367e-25           2.3285e-22            2.80381               0               
443    1.04651e-21     6.09682e-33           1.99549e-26           3.05546e-23           4.55396e-21           2.79376               0               
444    1.5284e-31      2.70803e-46           9.11446e-37           1.37515e-32           6.55807e-31           2.76928               0               
445    1.53276e-25     4.43586e-27           6.66165e-25           8.71695e-28           1.52295e-40           0.433938              0               
446    4.04254e-68     3.30707e-93           7.10286e-75           9.21377e-68           8.49577e-68           1.88734               0               
447    1.24155e-17     2.63636e-17           2.80259e-17           3.01711e-22           4.17573e-37           0.272422              0               
448    1.57838e-62     3.93377e-88           2.64987e-70           5.2009e-63            6.39447e-62           2.67278               0               
449    7.45158e-25     1.16247e-25           3.14729e-24           8.5085e-28            8.22136e-43           0.423559              0               
450    6.87929e-28     7.08907e-31           2.82883e-27           1.84141e-28           1.86636e-37           0.472281              0               
451    9.58794e-58     2.49425e-81           7.63263e-66           5.59654e-59           4.14432e-57           2.78201               0               
452    8.06945e-59     2.5879e-80            1.08667e-64           1.4832e-58            2.05186e-58           2.06507               0               
453    5.00909e-68     2.43498e-99           1.49566e-79           1.25821e-70           2.19312e-67           2.80452               0               
454    0.011115        0.02601               0.00235588            3.5352e-05            5.20232e-10           0.0748022             0.053287        
455    2.16388e-21     1.27221e-32           1.54876e-26           2.37415e-23           9.45577e-21           2.8011                0               
456    1.13431e-07     2.52956e-08           2.02947e-07           2.45606e-07           2.30684e-08           0.827482              0               
457    6.8974e-18      3.09237e-24           1.5942e-19            1.38398e-17           1.62169e-17           1.98469               0               
458    3.4149e-21      7.71332e-32           1.51581e-25           1.78723e-22           1.47811e-20           2.78442               0               
459    0.0176443       0.0419931             0.00506729            0.000127592           8.17294e-09           0.0841457             0.079066        
460    2.23074e-05     7.66476e-05           2.07066e-05           3.69952e-07           1.55144e-12           0.173985              0               
461    1.98519e-17     4.53713e-25           1.95086e-20           5.22065e-18           8.1727e-17            2.69905               0               
462    6.77544e-10     1.26878e-12           4.4123e-10            2.30286e-09           2.22828e-10           1.08281               0               
463    1.41916e-37     3.11449e-49           4.10927e-40           6.14349e-37           6.94584e-39           1.06003               0               
464    8.46395e-07     2.48466e-09           1.41726e-07           8.85891e-07           2.67778e-06           2.29147               0               
465    1.13127e-41     3.08975e-54           2.71071e-44           4.94002e-41           1.31208e-43           1.04505               0               
466    5.4249e-25      3.207e-28             2.2742e-24            1.02022e-25           1.37336e-34           0.461314              0               
467    4.34838e-60     7.29361e-77           8.41504e-64           1.88677e-59           1.80793e-61           1.05743               0               
468    1.79091e-54     4.29328e-72           1.93361e-58           7.77617e-54           6.92605e-56           1.05627               0               
469    3.50577e-55     4.81308e-70           1.23883e-57           1.53456e-54           2.21354e-60           1.04022               0               
470    4.94874e-67     2.42636e-104          3.50995e-82           8.05177e-72           2.16793e-66           2.80552               0               
471    1.89247e-57     2.57827e-76           6.93925e-62           8.2088e-57            8.1647e-59            1.05808               0               
472    8.64982e-35     2.35237e-42           1.40711e-35           3.64848e-34           1.20384e-38           1.01829               0               
473    1.08341e-22     1.56134e-24           4.59225e-22           1.3835e-23            1.35696e-31           0.451912              0               
474    5.76344e-06     3.79491e-08           1.75946e-06           7.96118e-06           1.54899e-05           2.07982               0               
475    7.95094e-27     1.97076e-32           1.94204e-27           3.28569e-26           3.24854e-29           1.0086                0               
476    3.95296e-18     3.28745e-24           9.86433e-20           5.70595e-18           1.15125e-17           2.21052               0               
477    0.00177536      0.00032315            0.00126747            0.00246218            0.00372467            1.74812               0               
478    0.00170767      0.000463161           0.00158001            0.00253436            0.00290342            1.53951               0               
479    0.0327552       0.0562059             0.0363243             0.0191665             0.00719754            0.428793              0.0646          
480    1.51556e-61     4.63575e-92           3.91358e-73           1.48373e-64           6.63788e-61           2.80513               0               
481    6.78506e-30     1.68681e-35           3.01271e-30           2.67097e-29           1.53488e-33           0.979445              0               
482    6.27534e-07     3.50041e-09           1.58238e-07           8.4174e-07            1.74562e-06           2.12529               0               
483    8.51916e-54     4.75541e-77           4.69133e-63           1.7364e-56            3.73033e-53           2.80471               0               
484    5.30665e-46     3.22318e-66           1.58269e-50           2.32084e-45           3.87797e-48           1.04365               0               
485    9.10583e-55     5.12677e-71           2.96795e-58           3.98749e-54           1.29533e-57           1.04124               0               
486    2.31628e-28     8.94239e-33           1.00157e-27           1.31352e-29           1.06711e-40           0.443206              0               
487    1.24446e-07     4.13858e-07           1.30818e-07           4.97464e-10           3.77298e-18           0.180716              0               
488    3.11978e-30     3.33311e-35           1.26655e-29           1.00153e-30           4.81494e-40           0.479732              0               
489    1.53253e-07     6.70751e-07           6.20911e-10           9.79833e-17           7.01231e-36           0.0994976             0               
490    9.5492e-06      4.1831e-05            2.13308e-09           1.52233e-17           1.57418e-38           0.0992038             0               
491    0.00894591      0.0170693             0.000286993           1.99066e-07           2.2932e-16            0.0463943             0.057337        
492    0.00819466      0.00579013            9.25146e-07           2.22924e-13           1.07082e-30           0.0160089             0.079066        
493    0.00577414      0.00199167            2.18584e-08           5.9716e-17            2.04174e-38           0.00781               0.061197        
494    0.00526045      0.00275332            1.34511e-07           3.81214e-15           3.94322e-35           0.011853              0.053287        
495    0.00764366      0.0161682             0.000545604           1.25776e-06           3.23844e-14           0.0550246             0.04404         
496    0.00613965      0.00668794            6.58128e-06           3.72922e-11           3.93361e-25           0.0247697             0.053052        
