Note : P(D|M) is the probability of site D given the model M (i.e., the site likelihood)
P(D|M,rr[x]) is the probability of site D given the model M and the relative rate
of evolution rr[x], where x is the class of rate to be considered.
We have P(D|M) = \sum_x P(x) x P(D|M,rr[x]).


Site   P(D|M)          P(D|M,rr[1]=0.0928)   P(D|M,rr[2]=0.4018)   P(D|M,rr[3]=0.9533)   P(D|M,rr[4]=2.5522)   Posterior mean        P(D|M,rr[0]=0)  
1      0.0116841       0.0123741             1.42779e-05           1.54195e-10           5.48697e-23           0.0246853             0.099081        
2      0.00810247      0.00452014            3.77699e-07           3.59075e-14           2.30096e-32           0.0129433             0.079066        
3      1.86247e-44     4.47148e-57           1.37345e-46           8.16786e-44           2.53045e-48           1.04596               0               
4      1.89739e-42     4.77885e-53           3.95515e-43           7.93974e-42           4.24427e-50           1.01818               0               
5      2.63398e-23     1.39817e-26           9.6339e-23            1.93579e-23           2.19943e-31           0.542569              0               
6      0.00863542      0.0152135             0.000187895           8.14969e-08           2.97441e-17           0.043048              0.057337        
7      9.88249e-15     1.55075e-14           2.78891e-14           1.7331e-17            5.80808e-29           0.320297              0               
8      0.00145693      0.00131531            6.57027e-07           8.92221e-13           1.45518e-29           0.0209835             0.012937        
9      0.0019527       0.00375846            7.76227e-05           7.81051e-08           1.8832e-16            0.048643              0.012066        
10     0.00863542      0.0152135             0.000187895           8.14969e-08           2.97441e-17           0.043048              0.057337        
11     5.44198e-08     2.39003e-07           6.33078e-11           3.52057e-18           7.38686e-36           0.101976              0               
12     1.18883e-07     5.15228e-07           7.0279e-09            1.59091e-13           9.19855e-27           0.106454              0               
13     2.94924e-05     0.000129282           2.7826e-07            1.33638e-12           3.69984e-27           0.102615              0               
14     6.62688e-17     2.00535e-16           9.05824e-17           1.56876e-21           4.34255e-37           0.207497              0               
15     1.36467e-10     5.95758e-10           3.74304e-12           1.36219e-18           1.35089e-35           0.104005              0               
16     9.26033e-21     9.67328e-21           3.10054e-20           2.01078e-24           3.34229e-39           0.360615              0               
17     4.33883e-22     1.42435e-22           1.76361e-21           6.75358e-27           8.79941e-47           0.415929              0               
18     9.66043e-09     4.23805e-08           5.78588e-11           2.44774e-17           6.23702e-35           0.102349              0               
19     1.99883e-23     8.42796e-27           6.96895e-23           1.81109e-23           3.31636e-31           0.566171              0               
20     1.82091e-14     4.35399e-14           3.64463e-14           6.72569e-18           1.85545e-30           0.256604              0               
21     7.69296e-17     2.15552e-16           1.22399e-16           2.14688e-21           4.71683e-37           0.224816              0               
22     2.06677e-21     2.74104e-23           8.98829e-21           6.36231e-23           1.12892e-33           0.444509              0               
23     1.42027e-51     3.75842e-69           2.39869e-55           6.23591e-51           3.10613e-54           1.04777               0               
24     7.99297e-46     5.16813e-58           9.72464e-48           3.50159e-45           5.59408e-51           1.04525               0               
25     5.01519e-29     2.97848e-34           1.00951e-28           1.19366e-28           4.53696e-36           0.769416              0               
26     1.4183e-15      1.1499e-16            5.34901e-15           7.66618e-16           1.45149e-21           0.509544              0               
27     1.97897e-41     3.32706e-55           2.85786e-44           8.68637e-41           4.43138e-44           1.04762               0               
28     4.10118e-48     1.24808e-64           1.62191e-51           1.80122e-47           2.63252e-51           1.04712               0               
29     1.40959e-62     1.73568e-85           2.27187e-68           5.61432e-62           5.78034e-63           1.21084               0               
30     2.33666e-34     1.95806e-39           9.97226e-34           2.92678e-35           3.1275e-46            0.458557              0               
31     6.86376e-27     1.33991e-28           2.96127e-26           4.05877e-28           2.45573e-38           0.447934              0               
32     5.44372e-40     2.37121e-47           1.57678e-39           8.14653e-40           1.41261e-49           0.647602              0               
33     2.27241e-10     9.96892e-10           1.37837e-12           1.02983e-19           4.29389e-40           0.102355              0               
34     0.00413343      0.00166078            3.93002e-08           3.45254e-16           1.05966e-37           0.00931963            0.041977        
35     0.00805689      0.007256              4.00588e-06           9.99602e-12           2.24701e-26           0.0209372             0.071586        
36     6.1912e-13      2.64267e-12           7.71326e-14           9.93792e-20           1.51394e-35           0.111511              0               
37     7.49533e-09     3.29126e-08           1.44708e-11           4.04892e-19           9.73978e-38           0.102035              0               
38     0.00225902      0.00113812            5.90079e-08           1.65404e-15           1.58861e-36           0.0116874             0.022355        
39     0.00413343      0.00166078            3.93002e-08           3.45254e-16           1.05966e-37           0.00931963            0.041977        
40     1.14948e-06     4.59003e-06           4.58289e-07           1.35029e-09           1.7911e-17            0.132942              0               
41     7.54528e-65     6.85448e-87           1.2235e-71            2.99673e-65           3.01497e-64           2.64415               0               
42     0.00660985      0.00186166            1.62866e-08           7.36074e-17           3.73913e-36           0.00653247            0.069147        
43     0.00413343      0.00166078            3.93002e-08           3.45254e-16           1.05966e-37           0.00931963            0.041977        
44     1.58561e-67     4.31434e-98           2.07928e-77           1.1473e-68            6.85086e-67           2.77399               0               
45     3.58341e-49     6.14161e-63           1.60505e-51           1.57257e-48           1.89021e-53           1.04633               0               
46     3.49615e-15     6.38472e-15           8.96896e-15           4.93852e-18           7.68033e-29           0.300391              0               
47     1.45184e-85     1.90786e-140          1.7425e-110           1.9606e-95            6.37795e-85           2.80291               0               
48     0.079066        0.079066              0.079066              0.079066              0.079066              1                     0.079066        
49     0.055941        0.055941              0.055941              0.055941              0.055941              1                     0.055941        
50     0.055941        0.055941              0.055941              0.055941              0.055941              1                     0.055941        
51     0.055941        0.055941              0.055941              0.055941              0.055941              1                     0.055941        
52     0.04404         0.04404               0.04404               0.04404               0.04404               1                     0.04404         
53     0.057337        0.057337              0.057337              0.057337              0.057337              1                     0.057337        
54     0.079066        0.079066              0.079066              0.079066              0.079066              1                     0.079066        
55     0.057337        0.057337              0.057337              0.057337              0.057337              1                     0.057337        
56     0.057337        0.057337              0.057337              0.057337              0.057337              1                     0.057337        
57     0.062157        0.062157              0.062157              0.062157              0.062157              1                     0.062157        
58     0.057337        0.057337              0.057337              0.057337              0.057337              1                     0.057337        
59     0.055941        0.055941              0.055941              0.055941              0.055941              1                     0.055941        
60     0.057337        0.057337              0.057337              0.057337              0.057337              1                     0.057337        
61     0.012937        0.012937              0.012937              0.012937              0.012937              1                     0.012937        
62     0.055941        0.055941              0.055941              0.055941              0.055941              1                     0.055941        
63     0.069147        0.069147              0.069147              0.069147              0.069147              1                     0.069147        
64     1.02587e-61     2.5504e-90            9.9143e-72            1.36922e-63           4.49297e-61           2.79758               0               
65     4.5817e-41      5.36223e-46           2.00965e-40           3.08756e-43           1.41232e-60           0.442218              0               
66     6.28075e-51     3.85167e-70           2.94549e-56           1.30552e-50           1.45362e-50           1.97204               0               
67     1.85968e-46     1.1091e-59            7.3012e-48            8.09659e-46           8.27055e-54           1.04151               0               
68     1.07911e-72     1.80799e-108          1.00519e-85           1.24857e-75           4.73931e-72           2.80245               0               
69     1.1472e-31      1.63441e-35           4.53478e-31           5.04704e-32           6.64688e-41           0.501931              0               
70     7.62469e-36     6.73242e-44           2.06903e-35           1.2805e-35            1.58984e-45           0.672819              0               
71     8.32264e-15     5.60753e-18           5.06674e-15           2.95758e-14           1.91329e-15           1.05474               0               
72     9.83286e-70     6.20423e-107          1.10485e-85           2.23624e-75           4.31958e-69           2.80291               0               
73     2.52031e-86     6.73562e-129          5.23445e-104          2.34937e-92           1.10717e-85           2.80291               0               
74     5.8834e-92      6.97045e-149          1.49135e-118          4.25733e-103          2.58458e-91           2.80291               0               
75     0.057337        0.057337              0.057337              0.057337              0.057337              1                     0.057337        
76     0.055941        0.055941              0.055941              0.055941              0.055941              1                     0.055941        
77     0.099081        0.099081              0.099081              0.099081              0.099081              1                     0.099081        
78     0.057337        0.057337              0.057337              0.057337              0.057337              1                     0.057337        
79     0.057337        0.057337              0.057337              0.057337              0.057337              1                     0.057337        
80     0.057337        0.057337              0.057337              0.057337              0.057337              1                     0.057337        
81     0.000941789     0.000126072           0.000520105           0.00113094            0.00236017            1.94372               0               
82     4.37044e-69     9.99362e-112          1.93873e-89           7.74352e-78           1.91994e-68           2.80291               0               
83     2.89412e-46     5.72437e-71           2.32036e-55           2.80649e-48           1.26858e-45           2.79904               0               
84     3.40694e-06     8.363e-08             1.18036e-06           3.99224e-06           9.71048e-06           2.13317               0               
85     2.97871e-08     2.35094e-11           1.37521e-09           1.17843e-08           1.17672e-07           2.61947               0               
86     2.08319e-54     2.18083e-77           1.44763e-62           6.3297e-56            9.08819e-54           2.79077               0               
87     1.63456e-69     2.08138e-107          3.30791e-86           1.26358e-75           7.18064e-69           2.80291               0               
88     3.80984e-07     2.01139e-10           1.59565e-08           1.7584e-07            1.48167e-06           2.59558               0               
89     0.000440755     8.45472e-05           0.000317281           0.000590528           0.000943887           1.76243               0               
90     0.000957        9.66202e-05           0.000449495           0.0011117             0.00254629            2.024                 0               
91     0.000368501     6.77671e-05           0.000253934           0.000485025           0.000812104           1.79327               0               
92     1.36901e-05     6.00955e-05           4.53988e-08           3.8161e-14            2.2381e-30            0.102142              0               
93     7.43671e-31     1.65622e-34           2.8293e-30            4.37489e-31           6.03709e-40           0.522375              0               
94     5.90012e-29     4.01325e-33           2.05518e-28           5.36711e-29           1.65947e-37           0.566693              0               
95     3.40688e-45     2.90785e-55           1.59068e-45           1.33758e-44           1.05826e-53           0.982553              0               
96     3.88584e-74     1.81828e-111          8.58277e-90           3.32033e-79           1.70705e-73           2.80291               0               
97     2.35896e-28     1.05992e-32           1.02785e-27           8.43772e-30           7.95988e-42           0.446218              0               
98     1.40403e-85     4.13378e-139          7.56748e-110          2.83289e-95           6.16792e-85           2.80291               0               
99     1.98636e-75     2.77229e-122          3.50066e-96           2.52701e-83           8.72609e-75           2.80291               0               
100    6.306e-28       3.10065e-33           3.9881e-28            2.37137e-27           4.67945e-32           0.959762              0               
101    9.78595e-16     2.48736e-15           1.81136e-15           2.61584e-19           3.54409e-32           0.24495               0               
102    1.18776e-09     5.21683e-09           1.02148e-12           3.48773e-20           2.54063e-38           0.101952              0               
103    5.5248e-06      2.42695e-05           9.61285e-10           1.08529e-17           1.46029e-36           0.101899              0               
104    5.30641e-27     5.66444e-30           2.32791e-26           2.64005e-29           7.27399e-42           0.441894              0               
105    2.73073e-09     1.17898e-08           2.06284e-10           8.56206e-15           7.27017e-27           0.107723              0               
106    0.00723462      0.0141482             0.000325033           4.01041e-07           1.94386e-15           0.0498825             0.04404         
107    0.00800483      0.00409134            2.4593e-07            1.31281e-14           1.72191e-33           0.0118571             0.079066        
108    0.00484741      0.00466634            3.29782e-06           1.12408e-11           2.72576e-26           0.0223947             0.042302        
109    0.057337        0.057337              0.057337              0.057337              0.057337              1                     0.057337        
110    0.057337        0.057337              0.057337              0.057337              0.057337              1                     0.057337        
111    0.04404         0.04404               0.04404               0.04404               0.04404               1                     0.04404         
112    0.055941        0.055941              0.055941              0.055941              0.055941              1                     0.055941        
113    0.061197        0.061197              0.061197              0.061197              0.061197              1                     0.061197        
114    0.055941        0.055941              0.055941              0.055941              0.055941              1                     0.055941        
115    0.04404         0.04404               0.04404               0.04404               0.04404               1                     0.04404         
116    0.057337        0.057337              0.057337              0.057337              0.057337              1                     0.057337        
117    0.057337        0.057337              0.057337              0.057337              0.057337              1                     0.057337        
118    0.04404         0.04404               0.04404               0.04404               0.04404               1                     0.04404         
119    0.079066        0.079066              0.079066              0.079066              0.079066              1                     0.079066        
120    0.079066        0.079066              0.079066              0.079066              0.079066              1                     0.079066        
121    0.04404         0.04404               0.04404               0.04404               0.04404               1                     0.04404         
122    0.04404         0.04404               0.04404               0.04404               0.04404               1                     0.04404         
123    0.061197        0.061197              0.061197              0.061197              0.061197              1                     0.061197        
124    0.099081        0.099081              0.099081              0.099081              0.099081              1                     0.099081        
125    0.053287        0.053287              0.053287              0.053287              0.053287              1                     0.053287        
126    0.061197        0.061197              0.061197              0.061197              0.061197              1                     0.061197        
127    0.055941        0.055941              0.055941              0.055941              0.055941              1                     0.055941        
128    0.057337        0.057337              0.057337              0.057337              0.057337              1                     0.057337        
129    0.055941        0.055941              0.055941              0.055941              0.055941              1                     0.055941        
130    0.061197        0.061197              0.061197              0.061197              0.061197              1                     0.061197        
131    0.069147        0.069147              0.069147              0.069147              0.069147              1                     0.069147        
132    0.00847143      0.0145271             0.000153916           5.08749e-08           8.55956e-18           0.0415983             0.057337        
133    8.3089e-07      3.64908e-06           1.02641e-09           1.49077e-16           7.71037e-35           0.101981              0               
134    1.17749e-28     3.84803e-31           5.16826e-28           6.01197e-32           1.37102e-48           0.441108              0               
135    7.4929e-35      7.82849e-41           1.90538e-34           1.38626e-34           2.25392e-42           0.696349              0               
136    1.93397e-32     9.04631e-39           4.54943e-32           3.94651e-32           1.47676e-41           0.722616              0               
137    0.00805689      0.007256              4.00588e-06           9.99602e-12           2.24701e-26           0.0209372             0.071586        
138    1.01558e-06     4.46145e-06           1.87619e-11           1.34457e-21           3.29384e-49           0.101887              0               
139    2.39006e-53     1.69459e-67           2.03336e-55           1.04792e-52           1.33723e-59           1.04575               0               
140    1.18943e-64     6.44227e-97           5.57151e-78           6.43718e-69           5.22511e-64           2.80289               0               
141    4.20992e-22     3.63801e-24           1.8156e-21            3.01788e-23           1.5876e-32            0.450505              0               
142    3.85989e-52     9.79233e-71           1.9372e-56            1.69228e-51           3.35821e-54           1.05039               0               
143    8.91848e-62     1.37801e-93           4.26949e-73           4.45366e-64           3.91344e-61           2.80092               0               
144    4.27568e-48     4.77175e-65           1.04012e-51           1.8764e-47            1.80117e-50           1.04857               0               
145    3.53164e-53     2.75495e-70           3.85779e-57           1.47389e-52           7.753e-54             1.13466               0               
146    2.64003e-35     1.11067e-39           1.14796e-34           1.17988e-36           9.24035e-49           0.447448              0               
147    6.69612e-50     3.47758e-64           4.81655e-52           2.93679e-49           2.44887e-56           1.04593               0               
148    3.95278e-27     3.05749e-29           1.73305e-26           3.5405e-30            1.57419e-44           0.440816              0               
149    1.38922e-07     6.10179e-07           1.05664e-10           2.91756e-18           1.14483e-36           0.101945              0               
150    0.00590295      0.00507946            2.30438e-06           3.94111e-12           2.31706e-27           0.0199965             0.053052        
151    4.7798e-07      2.09962e-06           1.48717e-10           1.83539e-18           8.68176e-40           0.10191               0               
152    0.00518994      0.00185711            2.98183e-08           1.50038e-16           2.39635e-38           0.00829962            0.053287        
153    0.00143401      0.00121477            4.65725e-07           3.94797e-13           1.65538e-30           0.0196796             0.012937        
154    0.00723462      0.0141482             0.000325033           4.01041e-07           1.94386e-15           0.0498825             0.04404         
155    4.35307e-07     1.77666e-06           1.35407e-07           2.43421e-10           7.01533e-19           0.126039              0               
156    0.00661137      0.00186837            1.65443e-08           7.64348e-17           4.153e-36             0.00655452            0.069147        
157    4.68058e-24     2.98995e-25           2.02624e-23           3.99376e-28           1.32146e-45           0.436366              0               
158    4.87696e-08     2.13434e-07           8.11661e-10           2.06117e-15           5.43008e-31           0.103172              0               
159    0.00660985      0.00186166            1.62866e-08           7.36074e-17           3.73913e-36           0.00653247            0.069147        
160    0.00191583      0.00360904            6.51219e-05           5.15166e-08           6.20242e-17           0.0471114             0.012066        
161    3.24625e-45     4.54054e-53           6.29385e-45           7.96696e-45           8.59007e-56           0.779633              0               
162    1.7475e-38      7.31175e-45           6.88141e-38           7.95376e-39           7.31362e-51           0.504038              0               
163    3.46081e-13     1.51428e-12           6.05266e-15           1.34024e-21           9.05996e-39           0.103237              0               
164    7.31667e-19     3.56044e-20           3.16686e-18           1.1752e-20            1.24297e-31           0.439745              0               
165    3.92417e-45     5.01358e-58           5.93722e-47           1.71795e-44           7.3481e-51            1.04484               0               
166    1.6882e-30      8.51929e-34           7.39883e-30           1.66001e-32           6.08847e-47           0.442607              0               
167    2.34379e-46     7.40438e-60           1.48732e-48           1.02814e-45           3.66992e-51           1.04605               0               
168    2.06892e-57     2.20508e-82           8.32108e-65           1.13781e-57           7.95098e-57           2.58308               0               
169    1.87868e-50     9.24688e-65           3.69485e-53           8.24861e-50           7.4799e-54            1.04681               0               
170    9.03417e-59     1.54216e-88           3.17633e-70           7.52681e-62           3.96797e-58           2.80258               0               
171    1.02128e-57     2.29094e-75           8.09491e-62           4.48271e-57           3.69045e-60           1.04836               0               
172    3.09999e-06     1.36173e-05           9.70935e-10           1.21017e-17           5.83278e-39           0.10191               0               
173    2.39127e-33     1.62549e-36           1.05e-32              3.28924e-36           2.72542e-52           0.441427              0               
174    0.069147        0.069147              0.069147              0.069147              0.069147              1                     0.069147        
175    0.04404         0.04404               0.04404               0.04404               0.04404               1                     0.04404         
176    0.055941        0.055941              0.055941              0.055941              0.055941              1                     0.055941        
177    0.079066        0.079066              0.079066              0.079066              0.079066              1                     0.079066        
178    0.055941        0.055941              0.055941              0.055941              0.055941              1                     0.055941        
179    0.055941        0.055941              0.055941              0.055941              0.055941              1                     0.055941        
180    3.77358e-30     1.81575e-36           1.45565e-29           2.02088e-30           3.72226e-41           0.51512               0               
181    6.03139e-12     2.64454e-11           5.05347e-14           3.59044e-21           3.45188e-39           0.102533              0               
182    0.00225902      0.00113812            5.90079e-08           1.65404e-15           1.58861e-36           0.0116874             0.022355        
183    3.76991e-05     0.000158532           7.07489e-06           5.31131e-09           2.20421e-18           0.116415              0               
184    5.38738e-06     2.36492e-05           1.75831e-08           1.43664e-14           7.94646e-31           0.102138              0               
185    5.08261e-38     1.06972e-47           1.19358e-39           2.22e-37              8.54728e-41           1.04436               0               
186    2.22632e-74     5.45078e-107          1.87045e-85           2.87104e-76           9.75153e-74           2.79776               0               
187    0.00225902      0.00113812            5.90079e-08           1.65404e-15           1.58861e-36           0.0116874             0.022355        
188    0.00805689      0.007256              4.00588e-06           9.99602e-12           2.24701e-26           0.0209372             0.071586        
189    0.00805689      0.007256              4.00588e-06           9.99602e-12           2.24701e-26           0.0209372             0.071586        
190    1.58824e-13     6.79347e-13           1.83686e-14           8.15732e-21           2.58897e-40           0.110821              0               
191    1.81834e-40     2.37588e-53           8.31006e-42           7.90487e-40           3.34347e-47           1.04062               0               
192    7.23754e-06     3.17855e-05           9.07276e-09           1.33245e-15           6.19988e-34           0.101983              0               
193    0.00518994      0.00185711            2.98183e-08           1.50038e-16           2.39635e-38           0.00829962            0.053287        
194    3.76768e-30     2.57185e-33           1.64351e-29           1.13845e-31           5.76687e-44           0.445403              0               
195    0.00576255      0.00126392            3.88759e-09           1.54366e-18           6.11062e-42           0.00508703            0.061197        
196    7.48653e-20     7.61564e-20           2.5266e-19            6.74946e-23           3.18939e-36           0.362822              0               
197    2.57764e-22     3.04503e-22           8.27814e-22           4.42642e-26           1.51722e-40           0.350045              0               
198    5.57787e-67     2.87777e-106          1.65031e-83           1.63526e-72           2.45036e-66           2.80291               0               
199    1.70103e-70     2.54617e-96           6.68082e-79           2.05885e-71           7.26674e-70           2.75453               0               
200    2.50864e-09     9.71527e-09           1.30495e-09           2.53805e-13           3.77355e-25           0.142097              0               
201    5.15754e-33     3.09413e-42           2.04525e-33           2.06119e-32           2.20529e-39           0.992252              0               
202    2.37307e-32     1.1738e-37            1.00493e-31           3.75605e-33           1.22986e-44           0.46311               0               
203    1.58878e-29     3.64191e-33           6.95223e-29           2.69203e-31           2.7053e-43            0.443608              0               
204    6.22783e-18     2.48538e-17           2.50504e-18           7.16415e-23           1.56435e-36           0.132965              0               
205    2.39162e-43     5.23947e-54           3.91753e-44           1.01147e-42           1.67926e-50           1.02434               0               
206    4.07131e-40     1.32231e-50           4.07724e-40           1.38081e-39           6.8085e-52            0.908859              0               
207    6.1088e-82      9.34421e-131          2.58205e-103          5.93451e-90           2.6836e-81            2.80291               0               
208    6.20222e-17     1.62673e-17           2.5594e-16            2.56427e-19           3.69338e-31           0.421596              0               
209    4.35802e-09     1.91187e-08           2.61232e-11           1.08642e-17           2.27673e-35           0.102349              0               
210    7.88532e-51     8.64031e-67           7.24905e-54           3.46325e-50           4.97886e-55           1.04682               0               
211    7.0392e-29      1.68327e-31           2.82287e-28           2.67777e-29           1.50499e-37           0.493549              0               
212    2.69148e-15     1.15598e-14           2.63963e-16           1.97032e-22           5.41793e-39           0.109463              0               
213    6.82664e-40     5.82363e-48           5.1089e-40            2.48806e-39           3.70542e-48           0.943749              0               
214    4.76806e-53     1.30138e-71           4.31374e-57           2.09371e-52           8.58945e-56           1.04763               0               
215    6.72661e-08     2.85575e-07           9.92427e-09           9.63739e-13           7.3061e-25            0.113288              0               
216    5.32558e-20     5.20339e-20           1.81918e-19           1.11856e-24           9.07552e-41           0.365806              0               
217    3.7305e-28      8.35663e-32           1.38913e-27           2.49601e-28           1.46862e-36           0.533514              0               
218    2.39744e-61     2.51362e-79           1.33238e-65           1.0387e-60            1.4483e-62            1.07106               0               
219    7.40008e-11     2.7255e-13            3.9143e-11            2.16616e-10           6.90544e-11           1.34621               0               
220    7.04764e-47     3.83964e-61           1.49707e-50           2.56321e-46           5.32679e-47           1.34901               0               
221    4.89771e-06     1.25818e-06           8.73978e-06           9.90791e-06           1.6098e-06            0.87703               0               
222    3.35841e-08     6.24064e-11           4.28794e-09           3.38178e-08           1.09367e-07           2.33063               0               
223    6.91605e-05     1.71774e-05           0.00012489            0.000142261           1.94947e-05           0.857213              0               
224    0.0319193       0.0522601             0.0384168             0.022278              0.00473281            0.41981               0.057337        
225    0.000376849     0.000420278           0.000783546           0.000428866           2.28126e-05           0.544561              0               
226    0.0217315       0.0470793             0.0198406             0.00441584            7.98821e-05           0.192728              0.061197        
227    1.38061e-28     8.58994e-33           1.4806e-28            4.58429e-28           7.35706e-33           0.899083              0               
228    3.07148e-12     1.84083e-15           8.33199e-13           7.83265e-12           4.82536e-12           1.63737               0               
229    3.83839e-08     1.95612e-09           3.11641e-08           9.02036e-08           4.52969e-08           1.39574               0               
230    5.73605e-57     6.03739e-76           1.87384e-61           2.51383e-56           6.00503e-59           1.0511                0               
231    6.43068e-48     2.02802e-65           7.06414e-52           2.80679e-47           1.81384e-49           1.05818               0               
232    3.81493e-55     5.35976e-77           3.99251e-61           8.04162e-55           8.71738e-55           1.96032               0               
233    4.76719e-40     1.05962e-50           1.66386e-41           2.07758e-39           1.12218e-44           1.04212               0               
234    7.34844e-17     4.13675e-17           2.81136e-16           3.14703e-19           1.21289e-30           0.398388              0               
235    1.04538e-45     5.0194e-60            9.59224e-48           4.58279e-45           5.10096e-53           1.04566               0               
236    7.5317e-76      2.37586e-118          1.74449e-93           1.3016e-81            3.30868e-75           2.80291               0               
237    1.54768e-27     4.92595e-30           6.71073e-27           8.33163e-29           1.37718e-39           0.448466              0               
238    1.75789e-08     7.5721e-08            1.50336e-09           5.41103e-14           3.55784e-27           0.108494              0               
239    0.000367507     6.74507e-05           0.000252908           0.000483454           0.000810649           1.79428               0               
240    1.48041e-67     3.20302e-97           3.06145e-77           7.84594e-69           6.425e-67             2.78173               0               
241    0.04404         0.04404               0.04404               0.04404               0.04404               1                     0.04404         
242    8.11979e-74     7.55178e-98           4.97468e-80           3.09156e-73           4.75469e-74           1.28099               0               
243    6.71386e-22     7.59684e-22           2.18961e-21           1.11292e-25           6.98272e-41           0.353892              0               
244    1.38832e-68     6.84401e-92           8.36046e-74           6.09745e-68           1.45842e-71           1.04734               0               
245    1.11727e-18     4.83804e-18           7.01513e-20           1.27748e-26           3.21391e-46           0.106737              0               
246    3.95195e-68     1.54185e-98           5.73139e-79           1.81065e-70           1.73429e-67           2.80108               0               
247    4.26974e-26     2.19325e-29           1.12429e-25           7.51196e-26           6.35042e-32           0.683799              0               
248    2.47119e-05     0.000108213           3.46106e-07           3.00151e-12           2.19362e-26           0.102968              0               
249    3.05114e-17     5.85563e-17           7.54593e-17           2.12871e-20           6.13921e-33           0.293112              0               
250    0.00723462      0.0141482             0.000325033           4.01041e-07           1.94386e-15           0.0498825             0.04404         
251    2.20686e-27     5.26125e-31           8.52799e-27           1.16624e-27           1.32027e-36           0.514127              0               
252    6.16206e-73     1.5359e-98            3.28491e-80           4.48951e-73           2.25805e-72           2.51168               0               
253    1.32676e-52     1.38651e-61           1.86528e-53           5.64193e-52           3.49092e-58           1.02754               0               
254    2.69627e-06     1.17906e-05           5.4189e-08            1.18106e-12           6.15632e-25           0.103439              0               
255    0.057337        0.057337              0.057337              0.057337              0.057337              1                     0.057337        
256    0.061197        0.061197              0.061197              0.061197              0.061197              1                     0.061197        
257    4.25517e-74     1.60856e-113          9.84063e-91           1.01828e-79           1.8693e-73            2.80291               0               
258    2.80514e-55     1.31132e-73           1.68941e-59           1.22045e-54           1.18291e-56           1.06377               0               
259    7.02717e-30     4.45808e-34           3.06653e-29           2.04692e-31           2.82354e-43           0.445301              0               
260    0.00847143      0.0145271             0.000153916           5.08749e-08           8.55956e-18           0.0415983             0.057337        
261    2.23549e-37     2.02493e-45           1.58525e-37           8.23529e-37           1.95269e-44           0.94916               0               
262    2.39493e-05     0.000105182           2.71776e-08           3.37553e-15           1.02133e-33           0.101974              0               
263    9.2647e-06      4.06955e-05           4.47443e-09           1.04527e-16           9.98362e-38           0.101923              0               
264    3.02059e-06     1.32686e-05           8.10034e-10           6.50069e-18           3.36209e-40           0.101907              0               
265    3.32178e-06     1.45914e-05           1.18195e-09           1.77398e-17           1.0697e-38            0.101913              0               
266    6.75599e-06     2.96766e-05           2.4646e-09            3.78683e-17           2.24415e-38           0.101914              0               
267    4.95998e-07     2.17891e-06           1.01602e-11           8.92918e-22           3.31525e-49           0.101888              0               
268    1.04876e-21     6.0042e-23            4.48581e-21           6.13531e-23           7.03454e-32           0.444932              0               
269    2.28104e-09     9.87325e-09           1.47373e-10           7.29788e-16           2.52771e-31           0.106878              0               
270    5.35883e-38     3.70776e-48           1.24329e-39           2.34142e-37           2.86012e-41           1.04394               0               
271    6.68044e-10     2.74906e-09           1.85654e-10           9.89397e-15           7.44648e-28           0.12336               0               
272    1.52992e-09     6.71852e-09           2.43439e-12           8.9939e-20            1.48827e-40           0.102009              0               
273    3.60881e-45     3.87797e-58           1.296e-47             1.58401e-44           4.48853e-49           1.04648               0               
274    0.057337        0.057337              0.057337              0.057337              0.057337              1                     0.057337        
275    0.057337        0.057337              0.057337              0.057337              0.057337              1                     0.057337        
276    0.057337        0.057337              0.057337              0.057337              0.057337              1                     0.057337        
277    0.057337        0.057337              0.057337              0.057337              0.057337              1                     0.057337        
278    0.099081        0.099081              0.099081              0.099081              0.099081              1                     0.099081        
279    0.079066        0.079066              0.079066              0.079066              0.079066              1                     0.079066        
280    0.042302        0.042302              0.042302              0.042302              0.042302              1                     0.042302        
281    0.055941        0.055941              0.055941              0.055941              0.055941              1                     0.055941        
282    0.034155        0.034155              0.034155              0.034155              0.034155              1                     0.034155        
283    0.042302        0.042302              0.042302              0.042302              0.042302              1                     0.042302        
284    0.04404         0.04404               0.04404               0.04404               0.04404               1                     0.04404         
285    0.041977        0.041977              0.041977              0.041977              0.041977              1                     0.041977        
286    0.057337        0.057337              0.057337              0.057337              0.057337              1                     0.057337        
287    2.65715e-45     4.22919e-55           3.14596e-46           1.13583e-44           3.77691e-51           1.0306                0               
288    3.07715e-21     5.32985e-21           8.18804e-21           6.21052e-26           2.44701e-41           0.307473              0               
289    1.15066e-14     7.4859e-16            4.74051e-14           2.39504e-15           1.16516e-22           0.464959              0               
290    7.20404e-26     2.20626e-29           3.07204e-25           9.24803e-27           2.22549e-37           0.458964              0               
291    5.74735e-24     2.75714e-26           2.4308e-23            9.12646e-25           2.46774e-33           0.462811              0               
292    3.33584e-31     3.69191e-37           4.37326e-31           1.02811e-30           1.52489e-37           0.866185              0               
293    2.89501e-14     6.47761e-14           6.23879e-14           1.4177e-17            5.48623e-30           0.268488              0               
294    6.40798e-37     1.10552e-45           1.86636e-37           2.62839e-36           2.60517e-43           1.00677               0               
295    1.33666e-42     5.26929e-50           3.62819e-42           2.24379e-42           2.39511e-53           0.672713              0               
296    7.7238e-25      4.87451e-25           2.90562e-24           2.87119e-30           2.94798e-52           0.392532              0               
297    6.0849e-31      9.1361e-37            2.63786e-30           3.52463e-32           1.03086e-46           0.449276              0               
298    1.538e-60       1.63329e-83           2.40926e-66           6.34748e-60           4.08978e-61           1.15321               0               
299    3.96386e-31     8.94157e-35           1.66204e-30           7.9196e-32            6.84884e-42           0.468817              0               
300    8.77362e-39     1.63878e-53           5.19099e-42           3.84548e-38           8.26192e-41           1.0506                0               
301    0.00875739      0.0157212             0.000215992           1.12097e-07           6.34843e-17           0.0441161             0.057337        
302    4.07044e-15     3.04747e-15           1.45842e-14           2.49784e-16           1.38708e-23           0.391907              0               
303    2.45437e-58     1.17835e-76           1.75646e-62           1.07572e-57           2.47191e-60           1.05094               0               
304    2.45008e-65     2.03976e-94           9.60742e-76           1.64048e-67           1.07468e-64           2.80024               0               
305    1.09815e-39     1.67173e-51           2.21461e-41           4.80201e-39           1.66722e-44           1.04415               0               
306    1.30616e-58     4.15088e-81           3.52002e-64           5.7034e-58            3.45781e-60           1.0575                0               
307    8.21121e-75     1.64108e-122          7.40719e-96           1.07764e-82           3.60719e-74           2.80291               0               
308    7.2883e-16      2.81236e-15           3.89397e-16           2.2467e-21            4.95232e-39           0.143165              0               
309    2.654e-22       3.75673e-25           1.10819e-21           5.73347e-23           3.12159e-32           0.470963              0               
310    5.48118e-54     2.99876e-71           5.63956e-57           2.40732e-53           8.05242e-60           1.04678               0               
311    1.23385e-41     1.15607e-51           4.10693e-42           5.00961e-41           1.11499e-49           1.00103               0               
312    3.99706e-28     2.46914e-31           1.69334e-27           6.23201e-29           2.36543e-39           0.462737              0               
313    6.84753e-17     1.34115e-16           1.66687e-16           1.03239e-20           2.50466e-35           0.28999               0               
314    0.00523868      0.00207123            4.7251e-08            4.21937e-16           2.19013e-37           0.00917066            0.053287        
315    0.00590856      0.00152805            9.94238e-09           2.82917e-17           8.68695e-37           0.0059982             0.062157        
316    4.93357e-06     2.16353e-05           3.7942e-08            8.46384e-14           1.37974e-30           0.10248               0               
317    2.53299e-15     9.35164e-15           1.77569e-15           1.26236e-19           6.8966e-33            0.156058              0               
318    4.53874e-06     1.99326e-05           6.14158e-09           1.00891e-15           5.31245e-34           0.101991              0               
319    5.59627e-07     2.45819e-06           2.54591e-10           5.59125e-18           7.83548e-39           0.101921              0               
320    1.73612e-06     7.62631e-06           4.88982e-10           4.33655e-18           3.72715e-40           0.101908              0               
321    3.5241e-25      1.31744e-26           1.5278e-24            7.16669e-27           1.1798e-37            0.441205              0               
322    1.36432e-06     5.97941e-06           1.40805e-08           7.45651e-14           1.95453e-28           0.102683              0               
323    4.64387e-06     2.03991e-05           1.4766e-09            1.58672e-17           1.67486e-39           0.101911              0               
324    7.35668e-09     3.19599e-08           3.58049e-10           5.41557e-15           6.27737e-29           0.105646              0               
325    0.00802409      0.00417595            2.68783e-07           1.62229e-14           3.05403e-33           0.0120735             0.079066        
326    1.85989e-33     2.80238e-38           8.1314e-33            3.91088e-35           3.92738e-50           0.444188              0               
327    5.00322e-58     2.30884e-80           4.28703e-64           1.09006e-57           1.10786e-57           1.93203               0               
328    8.06693e-52     8.29474e-70           4.42029e-56           3.49131e-51           5.24569e-53           1.07291               0               
329    2.82597e-24     6.35378e-26           1.23464e-23           4.52745e-27           9.34732e-42           0.439774              0               
330    5.72998e-13     1.09847e-15           3.8923e-13            1.98716e-12           1.39699e-13           1.05032               0               
331    1.07476e-14     4.24829e-19           8.60551e-16           1.96154e-14           2.67381e-14           2.03031               0               
332    6.53821e-16     6.4174e-21            8.96818e-17           2.22464e-15           5.5791e-16            1.3691                0               
333    5.05693e-14     5.63195e-17           2.29253e-14           1.64105e-13           3.50647e-14           1.26135               0               
334    1.60066e-08     1.05679e-08           4.27357e-08           1.69122e-08           1.0114e-10            0.539341              0               
335    1.08957e-07     8.44271e-08           3.01229e-07           9.26762e-08           3.14863e-10           0.50024               0               
336    1.4162e-18      8.38578e-23           3.16094e-19           4.4721e-18            1.43309e-18           1.42063               0               
337    6.06891e-08     1.53454e-08           1.15422e-07           1.27341e-07           8.49857e-09           0.786306              0               
338    2.1991e-25      8.93408e-39           1.06261e-30           6.5725e-27            9.59494e-25           2.79096               0               
339    0.0108269       0.0226239             0.000884217           3.75551e-06           7.85301e-12           0.0567498             0.061197        
340    5.3765e-21      3.91994e-32           1.60614e-25           2.7259e-22            2.33463e-20           2.78263               0               
341    2.53644e-06     2.21275e-06           6.99381e-06           1.92882e-06           7.23042e-09           0.480259              0               
342    3.30813e-05     5.81254e-05           7.12732e-05           1.58815e-05           4.65207e-08           0.372481              0               
343    1.3217e-15      3.2002e-20            1.84278e-16           4.29779e-15           1.32415e-15           1.42816               0               
344    5.99719e-17     2.4941e-24            2.61493e-19           3.82127e-17           2.24983e-16           2.54587               0               
345    8.03026e-05     0.000196099           0.000140364           1.62812e-05           2.5399e-08            0.280742              0               
346    5.93124e-07     4.65295e-07           1.63589e-06           5.02807e-07           1.60544e-09           0.499006              0               
347    2.02102e-13     1.2697e-18            3.7259e-15            1.51559e-13           7.32549e-13           2.49324               0               
348    0.0179829       0.042621              0.00781595            0.000428061           2.28189e-07           0.10431               0.071586        
349    0.00828367      0.0188648             0.0014857             1.79467e-05           1.69731e-10           0.0713507             0.040767        
350    0.000395206     8.04626e-05           0.000304003           0.000567597           0.000784081           1.69012               0               
351    0.000270656     3.06709e-05           0.000135347           0.000318291           0.000704686           1.99433               0               
352    9.1827e-45      2.01044e-54           2.46269e-45           3.7877e-44            1.87582e-51           1.00995               0               
353    7.60461e-52     6.35444e-77           2.19666e-60           3.60498e-53           3.30466e-51           2.78396               0               
354    7.1144e-66      2.14673e-97           3.06797e-77           1.85332e-68           3.12351e-65           2.80187               0               
355    4.20365e-64     1.67918e-97           3.05566e-77           5.6566e-68            1.84661e-63           2.80286               0               
356    9.2735e-48      9.5837e-69            2.2859e-55            2.13351e-49           4.05252e-47           2.79372               0               
357    1.63573e-51     3.64438e-76           7.98445e-62           4.46387e-55           7.18533e-51           2.8028                0               
358    1.8941e-39      1.91235e-51           3.17835e-42           7.38972e-39           9.27897e-40           1.24251               0               
359    4.61663e-45     1.1755e-70            2.21901e-56           2.68974e-49           2.02806e-44           2.80289               0               
360    3.11057e-22     1.89337e-27           5.75302e-23           1.21534e-21           9.36038e-23           1.14171               0               
361    1.89588e-34     3.15152e-53           6.57645e-42           8.4321e-37            8.32019e-34           2.80113               0               
362    1.15112e-24     3.36118e-32           2.67617e-26           3.75786e-24           1.27226e-24           1.48551               0               
363    2.90022e-22     5.81487e-32           1.04931e-25           6.97156e-23           1.20425e-21           2.70663               0               
364    2.62206e-19     8.01084e-27           9.53063e-22           1.61847e-19           9.89073e-19           2.55423               0               
365    0.057337        0.057337              0.057337              0.057337              0.057337              1                     0.057337        
366    4.06962e-07     2.29447e-07           1.04642e-06           5.06341e-07           5.5753e-09            0.576624              0               
367    4.27216e-11     2.24785e-11           1.40651e-10           2.45351e-11           1.16365e-14           0.47996               0               
368    0.0115907       0.0254118             0.00144399            1.12508e-05           7.18937e-11           0.0635944             0.061197        
369    4.31858e-12     1.27807e-15           1.54478e-12           1.47859e-11           2.63958e-12           1.24186               0               
370    3.29569e-24     1.23939e-34           2.77877e-28           2.73302e-25           1.42044e-23           2.76972               0               
371    1.29625e-12     2.45983e-14           2.96567e-12           2.70168e-12           2.48835e-15           0.728193              0               
372    0.0179829       0.042621              0.00781595            0.000428061           2.28189e-07           0.10431               0.071586        
373    1.7092e-09      1.92001e-10           3.70563e-09           3.56598e-09           4.49046e-11           0.734364              0               
374    9.83566e-21     8.46945e-27           2.02377e-22           1.23774e-20           3.06284e-20           2.28883               0               
375    7.04144e-20     2.30354e-27           7.28151e-22           1.1734e-19            1.91263e-19           2.13125               0               
376    1.66827e-08     9.0475e-10            2.97993e-08           4.18789e-08           7.04463e-10           0.805879              0               
377    0.0186675       0.0420074             0.0150007             0.00244901            1.54449e-05           0.164704              0.057337        
378    4.8774e-20      2.9391e-29            1.61717e-23           7.628e-21             2.0662e-19            2.74022               0               
379    1.51908e-16     6.41265e-23           4.5697e-18            3.42275e-16           3.20489e-16           1.88609               0               
380    8.35831e-24     1.58886e-38           2.82094e-30           3.655e-26             3.66816e-23           2.80116               0               
381    5.44053e-20     4.06103e-28           1.43638e-22           3.31095e-20           2.0575e-19            2.55823               0               
382    2.01926e-21     6.07368e-33           5.16814e-26           9.94798e-23           8.7711e-21            2.78321               0               
383    1.57146e-26     1.49859e-43           9.52435e-35           5.40966e-30           6.90289e-26           2.80277               0               
384    7.93536e-26     2.55386e-44           7.12015e-35           1.01272e-29           3.48591e-25           2.80286               0               
385    7.8432e-13      2.20502e-17           1.80858e-14           4.44275e-13           2.98314e-12           2.56408               0               
386    0.000643036     0.000178132           0.000614949           0.000994731           0.00103705            1.50014               0               
387    0.00123445      0.000225172           0.000858983           0.00165443            0.00268435            1.78096               0               
388    0.0033034       0.000843726           0.00292453            0.00484845            0.00589517            1.58326               0               
389    0.069147        0.069147              0.069147              0.069147              0.069147              1                     0.069147        
390    1.09835e-25     1.22822e-39           2.06387e-31           1.89573e-27           4.8061e-25            2.79601               0               
391    4.58494e-27     9.23736e-38           2.37899e-31           2.89308e-28           1.98521e-26           2.77766               0               
392    4.39061e-29     2.18775e-44           4.02279e-36           6.60471e-32           1.92814e-28           2.80231               0               
393    1.06158e-17     6.02144e-24           4.02192e-19           2.71033e-17           1.91298e-17           1.76201               0               
394    1.02634e-41     9.83837e-56           1.69713e-44           4.50457e-41           2.45189e-44           1.04765               0               
395    8.00004e-06     3.50507e-05           9.35408e-08           6.30968e-13           3.31483e-27           0.102789              0               
396    7.76171e-46     5.96565e-61           5.21549e-49           3.40734e-45           1.87012e-48           1.04779               0               
397    9.36317e-39     2.41481e-47           1.20903e-38           2.90422e-38           4.18417e-48           0.868905              0               
398    7.3113e-29      1.54971e-35           6.59554e-29           2.5523e-28            1.10646e-34           0.922556              0               
399    1.07209e-15     3.03805e-15           1.67163e-15           1.02225e-20           3.39005e-36           0.222354              0               
400    4.07204e-26     3.71922e-29           1.78534e-25           3.13851e-28           1.06051e-40           0.442282              0               
401    0.00878505      0.0158358             0.000222905           1.20818e-07           7.77359e-17           0.044359              0.057337        
402    0.00878505      0.0158358             0.000222905           1.20818e-07           7.77359e-17           0.044359              0.057337        
403    2.00041e-36     4.18742e-46           7.9374e-38            8.70699e-36           1.44664e-39           1.04174               0               
404    1.7518e-13      7.24176e-13           4.53902e-14           3.5439e-19            2.14657e-35           0.121905              0               
405    1.32535e-06     5.82214e-06           1.49364e-10           4.03215e-19           3.31092e-41           0.101895              0               
406    1.32535e-06     5.82214e-06           1.49364e-10           4.03215e-19           3.31092e-41           0.101895              0               
407    3.01461e-06     1.32409e-05           2.2806e-09            1.13189e-16           6.67965e-37           0.101944              0               
408    1.09359e-05     4.80377e-05           3.62277e-09           4.98277e-17           3.09124e-38           0.101912              0               
409    1.14029e-44     4.72097e-54           5.78691e-45           4.43061e-44           3.28892e-53           0.976957              0               
410    3.58987e-17     1.42407e-16           1.5296e-17            5.6732e-23            4.13623e-41           0.134806              0               
411    8.93531e-11     3.57366e-10           3.51578e-11           4.91862e-15           1.97455e-26           0.132297              0               
412    0.00174969      9.90629e-05           0.000696259           0.00214058            0.00475048            2.06515               0               
413    4.47241e-38     2.31682e-43           1.25226e-37           7.12475e-38           2.39926e-46           0.660911              0               
414    3.07628e-15     1.00056e-14           3.50791e-15           6.23659e-19           3.31441e-31           0.19003               0               
415    3.93017e-17     1.69198e-16           3.45537e-18           2.04514e-24           4.79957e-41           0.108679              0               
416    2.22369e-39     1.34198e-50           6.23109e-41           9.70634e-39           2.53982e-44           1.04306               0               
417    3.69374e-65     5.33811e-90           1.55288e-73           2.37526e-66           1.59891e-64           2.77721               0               
418    1.21304e-07     4.11003e-10           2.33093e-08           1.39336e-07           3.69833e-07           2.23839               0               
419    8.42264e-77     1.02319e-114          1.68862e-91           9.81389e-81           3.69998e-76           2.80287               0               
420    9.65726e-53     3.19593e-71           2.85326e-57           4.10624e-52           1.36177e-53           1.10328               0               
421    2.7803e-39      7.48296e-50           1.85459e-41           1.21192e-38           7.60883e-41           1.05694               0               
422    1.30552e-46     2.47129e-61           6.94944e-49           5.72815e-46           3.6504e-51            1.0462                0               
423    0.0646          0.0646                0.0646                0.0646                0.0646                1                     0.0646          
424    0.053052        0.053052              0.053052              0.053052              0.053052              1                     0.053052        
425    0.022355        0.022355              0.022355              0.022355              0.022355              1                     0.022355        
426    1.73011e-48     2.60875e-63           2.29665e-52           5.06153e-48           2.53861e-48           1.63342               0               
427    9.52459e-42     9.14549e-51           2.91516e-42           3.89265e-41           2.73406e-48           1.00473               0               
428    2.30782e-28     4.22087e-37           2.22487e-29           9.91574e-28           6.49262e-33           1.03364               0               
429    3.60304e-17     1.35202e-16           2.30791e-17           1.01888e-21           2.32345e-36           0.151381              0               
430    1.12363e-24     1.00548e-28           4.91751e-24           1.84885e-26           7.35167e-39           0.443552              0               
431    3.61815e-22     1.82125e-23           1.56684e-21           4.39964e-24           1.3997e-35            0.439077              0               
432    7.95801e-68     6.11165e-94           1.44221e-75           5.509e-68             2.94506e-67           2.5262                0               
433    6.78722e-53     2.70814e-67           2.05293e-55           2.97954e-52           4.03276e-57           1.04653               0               
434    7.7391e-67      3.85981e-104          1.07706e-81           2.65532e-71           3.39977e-66           2.8029                0               
435    4.32853e-30     1.48912e-31           1.87593e-29           1.07012e-31           1.94828e-42           0.44204               0               
436    2.18088e-20     1.16299e-20           8.41746e-20           1.84471e-24           4.1396e-39            0.400101              0               
437    4.30312e-62     2.36748e-93           5.8321e-75            4.15337e-66           1.89032e-61           2.80287               0               
438    3.47622e-65     1.10799e-96           7.39721e-78           3.95886e-69           1.52707e-64           2.80287               0               
439    9.36644e-65     2.55698e-97           1.23146e-77           1.67215e-68           4.11452e-64           2.80284               0               
440    2.07362e-14     3.79905e-23           1.56276e-18           4.92985e-16           9.05999e-14           2.79337               0               
441    5.88382e-14     5.93969e-19           1.52611e-15           5.21071e-14           2.04843e-13           2.43497               0               
442    8.657e-23       3.1244e-36            2.46319e-29           1.46666e-25           3.80156e-22           2.80223               0               
443    2.98805e-22     2.16925e-33           7.26025e-27           9.54895e-24           1.3031e-21            2.79012               0               
444    1.60772e-31     3.74439e-46           1.20232e-36           1.82678e-32           6.88004e-31           2.75749               0               
445    1.7042e-23      4.19174e-24           7.06605e-23           1.33157e-26           3.92558e-41           0.422394              0               
446    5.97502e-69     7.42201e-96           7.53994e-77           3.58212e-69           2.26662e-68           2.56327               0               
447    1.08664e-17     2.68349e-17           2.0901e-17            1.72264e-22           1.37823e-37           0.250496              0               
448    6.20535e-63     1.16816e-87           2.20513e-70           2.67573e-63           2.45844e-62           2.63055               0               
449    9.92589e-25     2.00603e-25           4.15893e-24           9.20236e-28           6.92014e-43           0.425804              0               
450    9.71958e-30     1.93691e-33           3.56489e-29           7.04742e-30           3.06925e-38           0.541235              0               
451    2.85515e-60     7.10623e-84           3.88388e-68           2.12575e-61           1.23301e-59           2.77315               0               
452    1.04897e-59     4.05168e-82           4.74677e-66           1.06824e-59           3.53987e-59           2.39584               0               
453    1.05865e-69     4.58867e-102          7.71989e-82           1.1901e-72            4.64947e-69           2.80246               0               
454    0.0103484       0.0230332             0.001472              1.31167e-05           8.29844e-11           0.0662127             0.053287        
455    5.11215e-21     5.18457e-32           5.34101e-26           7.13651e-23           2.23863e-20           2.79733               0               
456    9.37163e-08     2.7455e-08            1.89618e-07           1.84622e-07           1.00013e-08           0.747617              0               
457    1.47839e-17     1.5513e-23            5.99011e-19           3.79969e-17           2.63498e-17           1.75378               0               
458    2.00778e-21     1.31133e-32           9.29341e-26           1.40925e-22           8.6792e-21            2.77483               0               
459    0.0164371       0.0377266             0.0033543             5.39086e-05           1.72724e-09           0.074513              0.079066        
460    1.65748e-05     6.22344e-05           1.04871e-05           9.19258e-08           1.46552e-13           0.151962              0               
461    1.34919e-17     5.43077e-25           2.22227e-20           7.17629e-18           5.20717e-17           2.58942               0               
462    3.54857e-10     1.22877e-12           3.23105e-10           1.17614e-09           5.84144e-11           0.98645               0               
463    7.71136e-40     9.88754e-53           6.39801e-43           3.2148e-39            1.72166e-40           1.13605               0               
464    8.63682e-07     2.85282e-09           1.53664e-07           9.22173e-07           2.71547e-06           2.27844               0               
465    6.66695e-44     4.59836e-58           4.93451e-47           2.90668e-43           2.16254e-45           1.05979               0               
466    7.65052e-27     1.02773e-30           3.00203e-26           3.58744e-27           2.19712e-35           0.505926              0               
467    1.67834e-63     3.2547e-81            1.37699e-67           7.14004e-63           2.32774e-64           1.10235               0               
468    7.347e-56       4.57747e-74           5.41188e-60           3.20649e-55           2.1006e-57            1.05834               0               
469    2.58565e-53     7.96585e-67           2.89725e-55           1.13298e-52           3.80409e-59           1.04538               0               
470    5.36616e-66     2.81136e-100          3.48759e-79           1.25284e-69           2.35723e-65           2.80282               0               
471    5.08037e-58     5.82713e-77           1.46755e-62           2.20528e-57           2.65158e-59           1.06778               0               
472    1.6956e-35      7.75132e-44           1.50747e-36           7.2977e-35            3.50149e-39           1.03475               0               
473    2.21847e-22     3.71608e-24           9.45229e-22           2.56315e-23           1.87088e-31           0.455924              0               
474    5.36435e-06     2.22924e-08           1.16847e-06           6.66208e-06           1.57128e-05           2.18684               0               
475    9.55547e-29     2.59109e-35           9.94372e-30           4.08402e-28           1.42739e-30           1.03855               0               
476    1.32409e-18     4.65065e-24           7.25042e-20           2.34594e-18           3.39829e-18           2.06527               0               
477    0.00176732      0.000327661           0.00126854            0.00245185            0.00371582            1.74851               0               
478    0.00170385      0.000469322           0.00158108            0.0025282             0.00290643            1.54159               0               
479    0.0328602       0.0560949             0.0363054             0.0192844             0.00728194            0.431827              0.0646          
480    1.50566e-61     1.54132e-92           3.34138e-73           1.66351e-64           6.6127e-61            2.80247               0               
481    3.22022e-30     1.06563e-35           1.57784e-30           1.2568e-29            6.5499e-34            0.979453              0               
482    4.78439e-07     1.73071e-09           8.67104e-08           5.23026e-07           1.49032e-06           2.26628               0               
483    4.18534e-55     3.36466e-80           1.31099e-65           1.43656e-58           1.83848e-54           2.80277               0               
484    2.74683e-46     3.88555e-66           1.23962e-50           1.20482e-45           1.85536e-48           1.04962               0               
485    1.4906e-55      1.22386e-71           8.12684e-59           6.54676e-55           6.39326e-59           1.04702               0               
486    1.47128e-29     1.89341e-34           6.33462e-29           1.28698e-30           1.00546e-41           0.453348              0               
487    1.24366e-07     4.25548e-07           1.20378e-07           4.15853e-10           2.78363e-18           0.177388              0               
488    4.99927e-30     8.20618e-35           2.07288e-29           1.23301e-30           3.29299e-40           0.475291              0               
489    1.56537e-07     6.87163e-07           5.05032e-10           6.45713e-17           2.70431e-36           0.102135              0               
490    8.69813e-06     3.82095e-05           1.53147e-09           8.76762e-18           4.43466e-39           0.1019                0               
491    0.00889514      0.0162904             0.000251881           1.61201e-07           1.662e-16             0.0453236             0.057337        
492    0.0082656       0.00523645            7.01567e-07           1.43657e-13           4.49192e-31           0.0147017             0.079066        
493    0.00587231      0.0017461             1.52447e-08           3.36258e-17           5.67021e-39           0.00689649            0.061197        
494    0.00532644      0.0024567             9.81829e-08           2.30757e-15           1.48564e-35           0.010699              0.053287        
495    0.00759243      0.015555              0.000489422           1.05315e-06           2.45892e-14           0.0540246             0.04404         
496    0.00615326      0.00617611            5.28661e-06           2.63482e-11           2.18644e-25           0.0233652             0.053052        
