Note : P(D|M) is the probability of site D given the model M (i.e., the site likelihood)
P(D|M,rr[x]) is the probability of site D given the model M and the relative rate
of evolution rr[x], where x is the class of rate to be considered.
We have P(D|M) = \sum_x P(x) x P(D|M,rr[x]).


Site   P(D|M)          P(D|M,rr[1]=0.0898)   P(D|M,rr[2]=0.3960)   P(D|M,rr[3]=0.9492)   P(D|M,rr[4]=2.5651)   Posterior mean        P(D|M,rr[0]=0)  
1      0.0118074       0.0147597             2.57003e-05           4.64304e-10           3.6697e-22            0.0282739             0.099081        
2      0.00804205      0.0057641             8.6048e-07            1.75368e-13           3.98278e-31           0.0160986             0.079066        
3      5.29649e-43     1.9205e-55            4.0794e-45            2.31135e-42           6.69035e-47           1.03636               0               
4      2.2562e-41      7.8003e-52            4.08432e-42           9.45513e-41           1.14245e-48           1.01234               0               
5      1.26713e-22     1.82094e-25           4.81417e-22           7.23563e-23           9.52315e-31           0.511657              0               
6      0.0088353       0.0170332             0.000277293           1.77572e-07           1.57453e-16           0.0463844             0.057337        
7      5.41237e-15     6.02273e-15           1.76193e-14           1.95209e-17           1.89625e-28           0.348112              0               
8      0.00146599      0.00159831            1.29184e-06           3.51171e-12           3.0161e-28            0.0245592             0.012937        
9      0.00200074      0.0041514             0.000109624           1.574e-07             9.04361e-16           0.052017              0.012066        
10     0.0088353       0.0170332             0.000277293           1.77572e-07           1.57453e-16           0.0463844             0.057337        
11     6.71478e-08     2.93396e-07           1.57322e-10           1.9237e-17            9.23978e-35           0.0983076             0               
12     1.50016e-07     6.4174e-07            1.40921e-08           5.7788e-13            9.27428e-26           0.10532               0               
13     3.47873e-05     0.00015155            5.31478e-07           4.79713e-12           4.17039e-26           0.0992979             0               
14     1.51351e-17     1.1056e-17            5.51065e-17           4.31114e-21           3.66123e-36           0.376918              0               
15     1.48747e-09     6.47574e-09           2.70998e-11           1.22172e-17           1.76094e-34           0.099523              0               
16     6.96815e-21     4.20725e-21           2.62521e-20           3.66227e-24           1.94601e-38           0.386651              0               
17     3.00466e-21     1.61155e-21           1.1524e-20            5.60896e-26           1.87134e-45           0.391743              0               
18     1.39696e-08     6.09192e-08           1.52452e-10           1.38179e-16           1.18176e-33           0.0989637             0               
19     2.49756e-23     5.48444e-27           7.53221e-23           3.38596e-23           1.73052e-30           0.620264              0               
20     1.53091e-14     2.7514e-14            3.93998e-14           1.36011e-17           1.05481e-29           0.295339              0               
21     8.81824e-17     1.80759e-16           2.04744e-16           8.23908e-21           7.10758e-36           0.275891              0               
22     5.40645e-21     4.09644e-23           2.33141e-20           2.80578e-22           9.79112e-33           0.439397              0               
23     1.76505e-48     1.31352e-64           1.02735e-51           7.71466e-48           6.93498e-52           1.03745               0               
24     3.79543e-44     5.89749e-56           6.36018e-46           1.65291e-43           2.03881e-49           1.03506               0               
25     1.36846e-29     4.15655e-36           1.04151e-29           4.94107e-29           1.60063e-35           0.932121              0               
26     1.70306e-15     9.46183e-17           6.07216e-15           1.27856e-15           5.61571e-21           0.532369              0               
27     7.04343e-42     2.60482e-56           4.83527e-45           3.07369e-41           5.03811e-44           1.04017               0               
28     4.37627e-49     4.60127e-66           8.33509e-53           1.91135e-48           1.7614e-51            1.03897               0               
29     1.12839e-62     2.29964e-86           7.62462e-69           3.93575e-62           9.97285e-63           1.39441               0               
30     1.75833e-34     1.0474e-39            7.41458e-34           2.72379e-35           2.94266e-46           0.454222              0               
31     2.96839e-23     1.43285e-24           1.26901e-22           1.43715e-24           1.19562e-34           0.4358                0               
32     2.29421e-39     9.47905e-47           6.64804e-39           3.38167e-39           4.51333e-49           0.63664               0               
33     2.96761e-10     1.29422e-09           3.14194e-12           4.42763e-19           4.12564e-39           0.0989388             0               
34     0.00404749      0.00208955            8.24711e-08           1.36123e-15           1.05431e-36           0.0115899             0.041977        
35     0.00804129      0.00853563            6.72163e-06           2.55294e-11           1.05147e-25           0.0239086             0.071586        
36     1.21665e-09     5.30387e-09           1.50163e-11           6.12169e-18           2.14524e-34           0.0990731             0               
37     2.83377e-09     1.23786e-08           9.91148e-12           5.11768e-19           2.3688e-37            0.098396              0               
38     0.00222281      0.00140696            1.17832e-07           6.14507e-15           1.90649e-35           0.0142127             0.022355        
39     0.00404749      0.00208955            8.24711e-08           1.36123e-15           1.05431e-36           0.0115899             0.041977        
40     1.33827e-06     5.21094e-06           6.37214e-07           2.42607e-09           5.59297e-17           0.134968              0               
41     8.03431e-64     7.00646e-85           4.09573e-70           5.26175e-64           2.98622e-63           2.53888               0               
42     0.0064295       0.00240266            3.56622e-08           2.72433e-16           1.90756e-35           0.00838845            0.069147        
43     0.00404749      0.00208955            8.24711e-08           1.36123e-15           1.05431e-36           0.0115899             0.041977        
44     1.59155e-67     2.88762e-99           4.69136e-78           5.98106e-69           6.89807e-67           2.78827               0               
45     1.11689e-49     1.009e-64             1.75349e-52           4.8809e-49            1.10933e-53           1.03719               0               
46     5.02664e-15     7.16104e-15           1.48024e-14           1.17864e-17           2.72582e-28           0.324065              0               
47     1.32313e-86     3.455e-144            2.42146e-113          1.73585e-97           5.78438e-86           2.80345               0               
48     0.079066        0.079066              0.079066              0.079066              0.079066              1                     0.079066        
49     0.055941        0.055941              0.055941              0.055941              0.055941              1                     0.055941        
50     0.055941        0.055941              0.055941              0.055941              0.055941              1                     0.055941        
51     0.055941        0.055941              0.055941              0.055941              0.055941              1                     0.055941        
52     0.04404         0.04404               0.04404               0.04404               0.04404               1                     0.04404         
53     0.057337        0.057337              0.057337              0.057337              0.057337              1                     0.057337        
54     0.079066        0.079066              0.079066              0.079066              0.079066              1                     0.079066        
55     0.057337        0.057337              0.057337              0.057337              0.057337              1                     0.057337        
56     0.057337        0.057337              0.057337              0.057337              0.057337              1                     0.057337        
57     0.062157        0.062157              0.062157              0.062157              0.062157              1                     0.062157        
58     0.057337        0.057337              0.057337              0.057337              0.057337              1                     0.057337        
59     0.055941        0.055941              0.055941              0.055941              0.055941              1                     0.055941        
60     0.057337        0.057337              0.057337              0.057337              0.057337              1                     0.057337        
61     0.012937        0.012937              0.012937              0.012937              0.012937              1                     0.012937        
62     0.055941        0.055941              0.055941              0.055941              0.055941              1                     0.055941        
63     0.069147        0.069147              0.069147              0.069147              0.069147              1                     0.069147        
64     8.41507e-63     7.78159e-92           5.10716e-73           8.41032e-65           3.67045e-62           2.79941               0               
65     9.66706e-42     5.37403e-47           4.21371e-41           1.24865e-43           1.20028e-60           0.434586              0               
66     5.81989e-50     1.98632e-68           6.27005e-55           1.66625e-49           8.78053e-50           1.64685               0               
67     5.44133e-44     4.92495e-55           9.63114e-45           2.2825e-43            3.8638e-52            1.01289               0               
68     3.00437e-74     3.11086e-114          1.04117e-89           1.69251e-78           1.31342e-73           2.80343               0               
69     1.19606e-31     9.21436e-36           4.4111e-31            8.17698e-32           2.16586e-40           0.527337              0               
70     2.84645e-36     4.91161e-45           4.46282e-36           7.98113e-36           3.26482e-45           0.820551              0               
71     9.19169e-15     4.3858e-18            4.80431e-15           3.27763e-14           2.59881e-15           1.0792                0               
72     5.12692e-71     7.49719e-109          1.18523e-87           3.47327e-77           2.24136e-70           2.80345               0               
73     1.29423e-85     1.16586e-128          1.6178e-103           1.18842e-91           5.65807e-85           2.80345               0               
74     1.89084e-89     4.3058e-145           2.22966e-115          3.67773e-100          8.2663e-89            2.80345               0               
75     0.057337        0.057337              0.057337              0.057337              0.057337              1                     0.057337        
76     0.055941        0.055941              0.055941              0.055941              0.055941              1                     0.055941        
77     0.099081        0.099081              0.099081              0.099081              0.099081              1                     0.099081        
78     0.057337        0.057337              0.057337              0.057337              0.057337              1                     0.057337        
79     0.057337        0.057337              0.057337              0.057337              0.057337              1                     0.057337        
80     0.057337        0.057337              0.057337              0.057337              0.057337              1                     0.057337        
81     0.000940457     0.000121353           0.000510181           0.00112109            0.00235882            1.94787               0               
82     9.51769e-70     9.86422e-112          1.58035e-89           3.37304e-78           4.1609e-69            2.80345               0               
83     3.25366e-47     6.61283e-74           1.80011e-57           6.61027e-50           1.42176e-46           2.80263               0               
84     3.6808e-06      9.43763e-08           1.33462e-06           4.45312e-06           1.02094e-05           2.10223               0               
85     2.46382e-08     1.58089e-11           1.02473e-09           9.36021e-09           9.73115e-08           2.62703               0               
86     6.51666e-55     3.367e-79             5.11716e-64           4.87235e-57           2.84405e-54           2.80043               0               
87     1.72487e-70     1.91646e-110          2.31032e-88           3.18231e-77           7.54072e-70           2.80345               0               
88     3.98212e-07     1.93675e-10           1.63143e-08           1.84243e-07           1.54013e-06           2.59403               0               
89     0.000442633     8.23169e-05           0.000314767           0.000590709           0.000947289           1.76363               0               
90     0.000963679     9.38891e-05           0.00044484            0.00111226            0.00256197            2.02659               0               
91     0.000370123     6.59868e-05           0.000251898           0.000485187           0.000815013           1.79451               0               
92     1.5647e-05      6.83251e-05           7.95348e-08           1.09743e-13           1.22038e-29           0.0985174             0               
93     4.16959e-32     4.33365e-36           1.47974e-31           3.43053e-32           1.19939e-40           0.54657               0               
94     2.31579e-28     3.53519e-32           8.21785e-28           1.90587e-28           7.73434e-37           0.5466                0               
95     2.15206e-45     3.06654e-56           4.30242e-46           8.97804e-45           1.9946e-53            1.00972               0               
96     4.45518e-73     6.65566e-108          4.20198e-87           2.51084e-77           1.94767e-72           2.80343               0               
97     6.10483e-30     2.36437e-36           2.40532e-29           2.63556e-30           1.82522e-41           0.492502              0               
98     1.12308e-85     2.80484e-139          3.61779e-110          1.63665e-95           4.90981e-85           2.80345               0               
99     3.87843e-74     8.56403e-119          1.6921e-93            2.45137e-81           1.69555e-73           2.80345               0               
100    9.53219e-28     2.16305e-33           4.22798e-28           3.74429e-27           1.46698e-31           0.976094              0               
101    1.30898e-15     2.67133e-15           3.05052e-15           7.09552e-19           1.88981e-31           0.276648              0               
102    1.41669e-09     6.19128e-09           2.12439e-12           1.24639e-19           1.26519e-37           0.0982431             0               
103    6.91242e-06     3.02173e-05           2.06611e-09           3.98256e-17           7.45931e-36           0.0981512             0               
104    7.21594e-27     3.76523e-30           3.14805e-26           6.19883e-29           2.03706e-41           0.433948              0               
105    2.6533e-09      1.13151e-08           2.84413e-10           1.73385e-14           2.31806e-26           0.106336              0               
106    0.00735115      0.0153409             0.000423913           6.69e-07              5.5812e-15            0.0525724             0.04404         
107    0.0078783       0.0050486             4.8143e-07            4.43798e-14           1.16168e-32           0.01439               0.079066        
108    0.00484677      0.00545761            5.45619e-06           2.84194e-11           1.36044e-25           0.0253863             0.042302        
109    0.057337        0.057337              0.057337              0.057337              0.057337              1                     0.057337        
110    0.057337        0.057337              0.057337              0.057337              0.057337              1                     0.057337        
111    0.04404         0.04404               0.04404               0.04404               0.04404               1                     0.04404         
112    0.055941        0.055941              0.055941              0.055941              0.055941              1                     0.055941        
113    0.061197        0.061197              0.061197              0.061197              0.061197              1                     0.061197        
114    0.055941        0.055941              0.055941              0.055941              0.055941              1                     0.055941        
115    0.04404         0.04404               0.04404               0.04404               0.04404               1                     0.04404         
116    0.057337        0.057337              0.057337              0.057337              0.057337              1                     0.057337        
117    0.057337        0.057337              0.057337              0.057337              0.057337              1                     0.057337        
118    0.04404         0.04404               0.04404               0.04404               0.04404               1                     0.04404         
119    0.079066        0.079066              0.079066              0.079066              0.079066              1                     0.079066        
120    0.079066        0.079066              0.079066              0.079066              0.079066              1                     0.079066        
121    0.04404         0.04404               0.04404               0.04404               0.04404               1                     0.04404         
122    0.04404         0.04404               0.04404               0.04404               0.04404               1                     0.04404         
123    0.061197        0.061197              0.061197              0.061197              0.061197              1                     0.061197        
124    0.099081        0.099081              0.099081              0.099081              0.099081              1                     0.099081        
125    0.053287        0.053287              0.053287              0.053287              0.053287              1                     0.053287        
126    0.061197        0.061197              0.061197              0.061197              0.061197              1                     0.061197        
127    0.055941        0.055941              0.055941              0.055941              0.055941              1                     0.055941        
128    0.057337        0.057337              0.057337              0.057337              0.057337              1                     0.057337        
129    0.055941        0.055941              0.055941              0.055941              0.055941              1                     0.055941        
130    0.061197        0.061197              0.061197              0.061197              0.061197              1                     0.061197        
131    0.069147        0.069147              0.069147              0.069147              0.069147              1                     0.069147        
132    0.00858826      0.0160189             0.000211664           9.32337e-08           2.82969e-17           0.0443089             0.057337        
133    9.8689e-07      4.31248e-06           1.95679e-09           4.95422e-16           5.16327e-34           0.0982801             0               
134    1.81143e-27     9.70945e-30           7.9083e-27            1.10853e-30           3.4994e-47            0.432474              0               
135    8.78626e-31     2.6732e-35            3.60719e-30           2.33921e-31           8.6311e-41            0.469615              0               
136    1.23841e-31     1.75923e-37           3.4377e-31            1.9763e-31            5.70426e-41           0.65349               0               
137    0.00804129      0.00853563            6.72162e-06           2.55294e-11           1.05147e-25           0.0239086             0.071586        
138    1.30357e-06     5.69882e-06           4.76811e-11           7.96526e-21           5.96543e-48           0.0981311             0               
139    2.42441e-51     5.27038e-64           6.95381e-53           1.05294e-50           2.26781e-58           1.0334                0               
140    9.3917e-67      1.17549e-103          9.96191e-83           2.36063e-72           4.10581e-66           2.80345               0               
141    9.73124e-23     4.88246e-25           4.13227e-22           1.17107e-23           1.34991e-32           0.449058              0               
142    6.01974e-51     3.11278e-69           4.68529e-55           2.62976e-50           1.86854e-53           1.03861               0               
143    1.26679e-60     2.32926e-91           1.55168e-71           9.63485e-63           5.52846e-60           2.80038               0               
144    1.04194e-47     8.9667e-66            9.67242e-52           4.54742e-47           7.59801e-50           1.0403                0               
145    1.43166e-51     2.8092e-69            4.56886e-56           5.47097e-51           7.87847e-52           1.25968               0               
146    4.45214e-37     1.69274e-42           1.83053e-36           1.15832e-37           1.00528e-48           0.468779              0               
147    6.59027e-51     7.92569e-65           5.4924e-53            2.87561e-50           4.22374e-57           1.03622               0               
148    1.42269e-28     8.2079e-32            6.21098e-28           7.84479e-31           1.999e-44             0.433518              0               
149    1.59641e-07     6.97699e-07           2.12345e-10           1.01224e-17           5.6632e-36            0.0982301             0               
150    0.00588458      0.00599986            3.92307e-06           1.03929e-11           1.19313e-26           0.0229517             0.053052        
151    6.97603e-07     3.04937e-06           3.73476e-10           8.83174e-18           1.00665e-38           0.0981693             0               
152    0.00507046      0.00235722            6.40933e-08           6.08381e-16           2.28315e-37           0.0104362             0.053287        
153    0.0014292       0.00143794            8.10639e-07           1.15101e-12           1.4961e-29            0.0226394             0.012937        
154    0.00735115      0.0153409             0.000423913           6.69e-07              5.5812e-15            0.0525724             0.04404         
155    6.34201e-09     1.94331e-08           8.2444e-09            4.82137e-11           7.49895e-19           0.199278              0               
156    0.00643145      0.00241121            3.62289e-08           2.83038e-16           2.12254e-35           0.00841576            0.069147        
157    7.49607e-24     2.27355e-25           3.25423e-23           1.32321e-27           8.38434e-45           0.430503              0               
158    5.11996e-08     2.2251e-07            1.32189e-09           5.55821e-15           2.8479e-30            0.100105              0               
159    0.0064295       0.00240265            3.56622e-08           2.72433e-16           1.90756e-35           0.00838845            0.069147        
160    0.00194555      0.00393338            8.64247e-05           8.90756e-08           1.95168e-16           0.0497885             0.012066        
161    2.06354e-47     5.65766e-57           9.15385e-48           8.10592e-47           1.60468e-56           0.976026              0               
162    2.8497e-37      5.00309e-43           1.13636e-36           1.09456e-37           1.43798e-49           0.485917              0               
163    1.74034e-11     7.59484e-11           1.34854e-13           2.44901e-20           1.09063e-37           0.0987215             0               
164    9.03674e-18     1.10771e-18           3.82936e-17           1.05021e-19           9.85837e-31           0.425023              0               
165    8.86968e-46     2.51975e-59           6.63908e-48           3.87096e-45           4.40314e-51           1.03634               0               
166    1.90066e-28     2.44633e-31           8.29501e-28           1.17722e-30           1.83709e-45           0.433558              0               
167    5.90392e-45     9.77547e-58           7.16921e-47           2.57387e-44           4.08133e-50           1.03569               0               
168    2.16505e-57     3.8543e-82            7.76128e-65           9.34528e-58           8.53054e-57           2.62908               0               
169    7.2673e-53      1.02112e-69           1.19821e-56           3.17057e-52           6.39709e-55           1.0409                0               
170    4.38908e-58     2.68374e-89           3.20345e-70           2.02608e-61           1.91859e-57           2.80327               0               
171    2.68793e-54     1.37114e-71           6.33941e-58           1.17502e-53           1.2747e-58            1.03736               0               
172    3.76618e-06     1.64628e-05           2.02236e-09           4.79951e-17           5.48054e-38           0.0981694             0               
173    3.92607e-33     1.20031e-36           1.7151e-32            1.15898e-35           2.04683e-51           0.433185              0               
174    0.069147        0.069147              0.069147              0.069147              0.069147              1                     0.069147        
175    0.04404         0.04404               0.04404               0.04404               0.04404               1                     0.04404         
176    0.055941        0.055941              0.055941              0.055941              0.055941              1                     0.055941        
177    0.079066        0.079066              0.079066              0.079066              0.079066              1                     0.079066        
178    0.055941        0.055941              0.055941              0.055941              0.055941              1                     0.055941        
179    0.055941        0.055941              0.055941              0.055941              0.055941              1                     0.055941        
180    2.68987e-29     2.09086e-35           1.04165e-28           1.34294e-29           1.84012e-40           0.501843              0               
181    6.91244e-12     3.01172e-11           1.02243e-13           1.18998e-20           1.37393e-38           0.0992606             0               
182    0.00222281      0.00140696            1.17832e-07           6.14507e-15           1.90649e-35           0.0142127             0.022355        
183    1.677e-05       6.93172e-05           3.99295e-06           4.13208e-09           3.22083e-18           0.116409              0               
184    6.27597e-06     2.74057e-05           3.12848e-08           4.17328e-14           4.34585e-30           0.0985099             0               
185    1.50175e-36     1.54737e-45           6.15843e-38           6.50248e-36           1.19665e-39           1.03202               0               
186    2.36818e-72     1.26702e-104          3.49644e-83           5.89557e-74           1.02942e-71           2.79339               0               
187    0.00222281      0.00140696            1.17832e-07           6.14507e-15           1.90649e-35           0.0142127             0.022355        
188    0.00804129      0.00853563            6.72162e-06           2.55294e-11           1.05147e-25           0.0239086             0.071586        
189    0.00804129      0.00853563            6.72162e-06           2.55294e-11           1.05147e-25           0.0239086             0.071586        
190    2.75337e-15     9.91177e-15           2.12527e-15           4.37193e-21           9.89199e-40           0.157218              0               
191    1.64832e-39     7.44316e-53           4.86772e-41           7.15735e-39           3.68603e-46           1.03329               0               
192    8.65528e-06     3.78213e-05           1.74134e-08           4.45769e-15           4.17131e-33           0.0982823             0               
193    0.00507046      0.00235722            6.40933e-08           6.08381e-16           2.28315e-37           0.0104362             0.053287        
194    1.10437e-28     2.06456e-31           4.80608e-28           1.98719e-30           4.68446e-43           0.435145              0               
195    0.00558457      0.0016643             9.30174e-09           7.23573e-18           5.1611e-41            0.00668945            0.061197        
196    8.2409e-21      6.65988e-21           2.93571e-20           1.01463e-23           1.16865e-36           0.371104              0               
197    6.81247e-21     4.11145e-21           2.56676e-20           3.36946e-24           9.58447e-39           0.386667              0               
198    8.6631e-68      2.37287e-108          3.73785e-85           8.51113e-74           3.78729e-67           2.80345               0               
199    2.61022e-70     8.28146e-98           1.89931e-79           1.82872e-71           1.12284e-69           2.77515               0               
200    5.55523e-10     2.0256e-09            4.0288e-10            1.25407e-13           4.57152e-25           0.153695              0               
201    7.44709e-34     5.72149e-44           1.04877e-34           3.15081e-33           1.75782e-39           1.0179                0               
202    2.90216e-29     1.04733e-33           1.25862e-28           1.01227e-30           5.33614e-43           0.437621              0               
203    1.42676e-29     1.58485e-33           6.19245e-29           4.4842e-31            8.84712e-43           0.437138              0               
204    7.94641e-18     2.99138e-17           4.82567e-18           2.27109e-22           8.78645e-36           0.144623              0               
205    6.74385e-43     1.39941e-54           4.17032e-44           2.90654e-42           1.04809e-49           1.02882               0               
206    1.48008e-40     1.02549e-51           7.73278e-41           5.69727e-40           7.15017e-52           0.96512               0               
207    9.13174e-81     6.7201e-128           4.38543e-101          4.02937e-88           3.99217e-80           2.80345               0               
208    7.76281e-17     1.28178e-17           3.26016e-16           5.37211e-19           1.59632e-30           0.421117              0               
209    5.00468e-09     2.18303e-08           4.89645e-11           3.5911e-17            1.53981e-34           0.0988773             0               
210    1.59758e-49     4.41382e-65           1.83451e-52           6.98231e-49           8.25001e-54           1.03723               0               
211    1.29524e-29     1.93624e-32           4.95814e-29           7.02416e-30           7.3243e-38            0.507681              0               
212    2.1082e-17      7.21217e-17           2.00435e-17           9.62941e-23           1.63878e-38           0.170911              0               
213    1.54436e-38     2.16057e-45           2.34164e-38           4.40991e-38           3.82455e-47           0.827687              0               
214    1.94444e-57     6.60747e-80           3.30463e-63           7.77142e-57           7.29185e-58           1.18887               0               
215    6.0875e-08      2.53584e-07           1.25448e-08           1.84888e-12           2.92184e-24           0.113911              0               
216    5.31581e-20     2.96746e-20           2.02717e-19           2.28575e-24           3.02235e-40           0.390071              0               
217    1.72669e-27     9.497e-31             6.54453e-27           1.00317e-27           9.48398e-36           0.513102              0               
218    1.60127e-61     3.95205e-81           2.04683e-66           6.64518e-61           3.55161e-62           1.12697               0               
219    3.86011e-10     3.41164e-12           3.47596e-10           1.17791e-09           1.58628e-10           1.07695               0               
220    1.94079e-49     2.15997e-66           2.43844e-54           3.056e-49             5.42863e-49           2.16734               0               
221    4.18205e-06     8.17184e-07           6.73386e-06           9.02012e-06           1.7117e-06            0.938063              0               
222    2.5187e-08      3.66608e-11           2.6375e-09            2.25228e-08           8.49144e-08           2.38452               0               
223    6.31117e-05     1.13304e-05           9.87707e-05           0.000140218           2.55894e-05           0.946171              0               
224    0.032087        0.0524932             0.0388889             0.0227128             0.00486653            0.42193               0.057337        
225    0.000381938     0.000408209           0.000791496           0.000445739           2.42924e-05           0.546862              0               
226    0.0218893       0.0476748             0.0205291             0.00465488            8.55616e-05           0.194703              0.061197        
227    1.5865e-28      5.54194e-33           1.297e-28             5.63856e-28           1.71611e-32           0.924352              0               
228    7.18203e-13     6.02693e-16           2.60026e-13           2.01985e-12           8.59324e-13           1.47048               0               
229    7.54003e-09     6.33056e-10           7.81336e-09           1.74767e-08           7.03995e-09           1.25321               0               
230    2.39846e-59     2.06696e-80           9.10409e-65           1.00497e-58           4.35789e-60           1.11077               0               
231    1.23912e-50     1.73482e-70           1.1096e-55            4.60263e-50           8.14496e-51           1.30291               0               
232    2.21564e-55     2.74622e-79           1.87296e-62           1.54736e-55           8.13886e-55           2.52132               0               
233    6.14807e-39     4.54011e-49           3.0391e-40            2.65738e-38           9.40559e-44           1.03054               0               
234    1.07374e-17     3.36301e-18           4.34693e-17           1.09035e-19           1.85703e-30           0.410227              0               
235    3.57049e-46     4.21146e-62           5.32289e-49           1.5604e-45            1.61191e-52           1.03716               0               
236    6.10764e-75     1.17155e-117          2.27369e-92           1.83147e-80           2.67011e-74           2.80345               0               
237    5.68469e-26     1.35407e-28           2.4505e-25            3.33506e-27           3.54967e-38           0.440731              0               
238    8.83585e-12     2.52588e-11           1.33654e-11           3.89193e-15           3.02109e-27           0.21402               0               
239    0.000374566     6.73808e-05           0.000256489           0.000492231           0.000821408           1.78993               0               
240    5.58215e-66     2.04631e-93           2.25305e-74           1.60799e-66           2.27958e-65           2.68708               0               
241    0.04404         0.04404               0.04404               0.04404               0.04404               1                     0.04404         
242    3.29419e-74     5.15363e-99           8.71852e-81           1.1099e-73            3.30242e-74           1.44236               0               
243    8.04683e-22     5.90653e-22           2.92696e-21           2.63068e-25           3.56581e-40           0.376654              0               
244    8.5414e-69      5.07855e-93           1.90093e-74           3.72906e-68           5.02697e-71           1.03975               0               
245    1.86988e-19     7.96459e-19           2.10062e-20           7.10721e-27           3.27027e-46           0.106728              0               
246    1.62602e-69     2.43661e-102          9.28233e-82           1.24925e-72           7.10732e-69           2.80314               0               
247    1.71136e-26     4.55381e-30           3.61596e-26           3.86522e-26           7.89156e-32           0.74512               0               
248    2.73071e-05     0.000118833           5.4666e-07            7.31004e-12           1.06638e-25           0.0996609             0               
249    1.3323e-16      1.93977e-16           3.88293e-16           1.7675e-19            1.00618e-31           0.321525              0               
250    0.00735115      0.0153409             0.000423913           6.69e-07              5.5812e-15            0.0525724             0.04404         
251    9.60996e-32     4.65815e-38           7.31853e-32           3.46938e-31           3.75295e-38           0.932055              0               
252    1.45172e-74     6.91273e-106          3.73178e-85           2.64423e-76           6.32012e-74           2.79609               0               
253    1.23348e-50     3.49708e-59           2.11452e-51           5.181e-50             2.21274e-56           1.01366               0               
254    2.96201e-06     1.28662e-05           8.29395e-08           2.61094e-12           2.10826e-24           0.100272              0               
255    0.057337        0.057337              0.057337              0.057337              0.057337              1                     0.057337        
256    0.061197        0.061197              0.061197              0.061197              0.061197              1                     0.061197        
257    8.78807e-75     4.03463e-117          3.1986e-93            2.01106e-81           3.84192e-74           2.80345               0               
258    1.6583e-55      4.17385e-74           5.73788e-60           7.08125e-55           1.6835e-56            1.07838               0               
259    1.6612e-30      3.38506e-35           7.11618e-30           1.46129e-31           7.45337e-43           0.444963              0               
260    0.00858826      0.0160189             0.000211664           9.32337e-08           2.82969e-17           0.0443089             0.057337        
261    1.89483e-36     1.18255e-44           1.3144e-36            6.96934e-36           1.27772e-43           0.941442              0               
262    2.79139e-05     0.000121982           5.09383e-08           1.10495e-14           6.78498e-33           0.098268              0               
263    1.09935e-05     4.8052e-05            8.95092e-09           3.96101e-16           9.7048e-37            0.0981906             0               
264    3.62904e-06     1.58636e-05           1.69022e-09           2.67661e-17           3.67893e-39           0.0981639             0               
265    3.9699e-06      1.7353e-05            2.41163e-09           6.87453e-17           9.90572e-38           0.0981748             0               
266    8.06972e-06     3.52738e-05           5.02303e-09           1.46637e-16           2.08219e-37           0.0981759             0               
267    6.29907e-07     2.75377e-06           2.54267e-11           5.1736e-21            5.89653e-48           0.0981314             0               
268    1.70001e-16     1.53428e-16           5.8877e-16            1.00386e-18           4.0627e-29            0.364526              0               
269    2.2815e-09      9.74362e-09           2.30552e-10           1.89585e-15           1.27033e-30           0.105864              0               
270    2.00256e-34     2.6762e-43            1.2304e-35            8.63141e-34           2.51164e-38           1.02892               0               
271    6.74566e-10     2.67921e-09           2.69805e-10           2.25314e-14           3.23791e-27           0.128754              0               
272    1.80541e-09     7.88783e-09           4.98939e-12           3.53747e-19           1.41462e-39           0.0983398             0               
273    1.6164e-43      2.66088e-54           3.23938e-45           7.03407e-43           4.14534e-48           1.03461               0               
274    0.057337        0.057337              0.057337              0.057337              0.057337              1                     0.057337        
275    0.057337        0.057337              0.057337              0.057337              0.057337              1                     0.057337        
276    0.057337        0.057337              0.057337              0.057337              0.057337              1                     0.057337        
277    0.057337        0.057337              0.057337              0.057337              0.057337              1                     0.057337        
278    0.099081        0.099081              0.099081              0.099081              0.099081              1                     0.099081        
279    0.079066        0.079066              0.079066              0.079066              0.079066              1                     0.079066        
280    0.042302        0.042302              0.042302              0.042302              0.042302              1                     0.042302        
281    0.055941        0.055941              0.055941              0.055941              0.055941              1                     0.055941        
282    0.034155        0.034155              0.034155              0.034155              0.034155              1                     0.034155        
283    0.042302        0.042302              0.042302              0.042302              0.042302              1                     0.042302        
284    0.04404         0.04404               0.04404               0.04404               0.04404               1                     0.04404         
285    0.041977        0.041977              0.041977              0.041977              0.041977              1                     0.041977        
286    0.057337        0.057337              0.057337              0.057337              0.057337              1                     0.057337        
287    8.14005e-44     4.89452e-53           1.46871e-44           3.41175e-43           6.28263e-50           1.01242               0               
288    2.90124e-21     2.97335e-21           9.70998e-21           1.49687e-25           9.87291e-41           0.354351              0               
289    5.0701e-15      2.27538e-16           2.04362e-14           1.5015e-15            1.42021e-22           0.470319              0               
290    1.34659e-25     2.06167e-29           5.5643e-25            3.22457e-26           1.76095e-36           0.465904              0               
291    5.65726e-24     1.64998e-26           2.33385e-23           1.37716e-24           6.45903e-33           0.466241              0               
292    1.17841e-31     4.49668e-38           9.71683e-32           4.18001e-31           1.68896e-37           0.923341              0               
293    2.33178e-12     7.67089e-12           2.5227e-12            3.63048e-16           8.9587e-29            0.180983              0               
294    4.13482e-35     2.29847e-43           1.6022e-35            1.64742e-34           1.44891e-41           0.983785              0               
295    8.80415e-42     8.13984e-49           2.59939e-41           1.24956e-41           1.10213e-52           0.629074              0               
296    1.12578e-24     3.45679e-25           4.57593e-24           1.07536e-29           3.92407e-51           0.409295              0               
297    1.0538e-29      3.17069e-35           4.55619e-29           5.07758e-31           1.19708e-45           0.439463              0               
298    2.75411e-61     2.14327e-86           4.31359e-68           7.47598e-61           4.5643e-61            1.70687               0               
299    6.22666e-33     2.65236e-38           1.80667e-32           9.15474e-33           1.11798e-41           0.636121              0               
300    1.70083e-38     7.88937e-53           1.19995e-41           7.41576e-38           1.86304e-40           1.0417                0               
301    0.0088677       0.0171657             0.00028642            1.90425e-07           1.7843e-16            0.0466526             0.057337        
302    5.42038e-15     3.21619e-15           2.00248e-14           4.55532e-16           4.37761e-23           0.398999              0               
303    5.87772e-57     2.10171e-74           9.54958e-61           2.56748e-56           2.01326e-59           1.03873               0               
304    7.17582e-68     5.37885e-100          3.1485e-80            3.17196e-71           3.13677e-67           2.80327               0               
305    3.38327e-38     2.55052e-46           1.60552e-38           1.31853e-37           3.00698e-44           0.971746              0               
306    1.51458e-57     1.53508e-77           2.53118e-62           6.60108e-57           2.02776e-59           1.04278               0               
307    1.82722e-74     2.34341e-123          2.95732e-96           9.04595e-83           7.98814e-74           2.80345               0               
308    1.16351e-17     2.46409e-17           2.62241e-17           6.99413e-22           1.41775e-38           0.270683              0               
309    5.89169e-21     2.26505e-23           2.48658e-20           8.68573e-22           3.19656e-31           0.452893              0               
310    3.69173e-55     5.97593e-74           7.78746e-59           1.61385e-54           3.62155e-60           1.03735               0               
311    1.80137e-39     5.05322e-49           8.60235e-40           7.01491e-39           6.66326e-48           0.971331              0               
312    4.15906e-28     1.45974e-31           1.71174e-27           1.06351e-28           8.62041e-39           0.468135              0               
313    1.30415e-14     4.01891e-14           1.68247e-14           6.00074e-19           6.08668e-34           0.196898              0               
314    0.00512872      0.00261188            9.9639e-08            1.65896e-15           2.02339e-36           0.0114329             0.053287        
315    0.00574011      0.00198736            2.22781e-08           1.07249e-16           4.16006e-36           0.00777172            0.062157        
316    5.51376e-06     2.40418e-05           6.29999e-08           2.3708e-13            1.19728e-29           0.099003              0               
317    2.266e-14       7.99309e-14           1.91311e-14           1.67547e-18           1.3677e-31            0.162776              0               
318    5.27266e-06     2.30394e-05           1.14015e-08           3.25377e-15           3.47817e-33           0.0982938             0               
319    6.65529e-07     2.90901e-06           5.12253e-10           2.11865e-17           7.02267e-38           0.0981872             0               
320    2.11304e-06     9.23665e-06           1.03106e-09           1.79649e-17           4.01214e-39           0.0981656             0               
321    7.99473e-28     3.73676e-30           3.41638e-27           7.49814e-29           1.10078e-38           0.445412              0               
322    1.51868e-06     6.61655e-06           2.27597e-08           1.88072e-13           9.67843e-28           0.0992756             0               
323    5.56079e-06     2.43074e-05           3.04928e-09           6.41366e-17           1.78028e-38           0.0981703             0               
324    7.82994e-09     3.36734e-08           5.57143e-10           1.31566e-14           2.99477e-28           0.103576              0               
325    0.00790052      0.0051457             5.2373e-07            5.43516e-14           2.02181e-32           0.0146259             0.079066        
326    1.68892e-30     7.70009e-35           7.36721e-30           1.62485e-32           3.02556e-48           0.434127              0               
327    4.98529e-57     2.52633e-79           2.62848e-63           8.55859e-57           1.32359e-56           2.10992               0               
328    2.36542e-53     2.86803e-72           4.80789e-58           9.71911e-53           6.21861e-54           1.14357               0               
329    5.58735e-25     7.68706e-27           2.43328e-24           1.68571e-27           1.06401e-41           0.432164              0               
330    2.4047e-12      4.68795e-15           1.57192e-12           8.20859e-12           7.27566e-13           1.06878               0               
331    5.14498e-15     7.56716e-20           2.03123e-16           6.3741e-15            1.59153e-14           2.28155               0               
332    2.48987e-15     3.91323e-20           2.82947e-16           7.68751e-15           2.91459e-15           1.49454               0               
333    1.47144e-14     1.17406e-18           2.25701e-15           3.97789e-14           2.22904e-14           1.62811               0               
334    2.01438e-08     9.76898e-09           5.02406e-08           2.77181e-08           3.35722e-10           0.595002              0               
335    1.39025e-07     7.79283e-08           3.65075e-07           1.63684e-07           1.09535e-09           0.55698               0               
336    4.62729e-18     6.7256e-23            4.19618e-19           1.13507e-17           8.45894e-18           1.76332               0               
337    7.35139e-08     1.37135e-08           1.21146e-07           1.67113e-07           1.94118e-08           0.876072              0               
338    7.99189e-26     2.11941e-38           8.49918e-31           3.12919e-27           3.46255e-25           2.78763               0               
339    0.0115828       0.0263201             0.00155519            1.1658e-05            4.68897e-11           0.0645363             0.061197        
340    1.92783e-21     3.84109e-33           2.21134e-26           5.24648e-23           8.37551e-21           2.79245               0               
341    3.27906e-06     2.18253e-06           8.81716e-06           3.31526e-06           2.02718e-08           0.525016              0               
342    4.76279e-05     6.78023e-05           0.000106826           3.33965e-05           1.92238e-07           0.422978              0               
343    3.83649e-16     4.51943e-21           3.43187e-17           1.07068e-15           5.72212e-16           1.62753               0               
344    4.356e-16       1.16684e-22           4.05836e-18           3.74172e-16           1.52611e-15           2.45139               0               
345    9.60872e-05     0.000204186           0.000186166           2.96417e-05           7.50823e-08           0.313208              0               
346    9.52476e-07     5.26477e-07           2.49777e-06           1.13304e-06           6.70411e-09           0.558809              0               
347    9.86631e-13     4.51543e-18           1.451e-14             6.25809e-13           3.67298e-12           2.53924               0               
348    0.0195615       0.0468248             0.0111836             0.000896587           9.17873e-07           0.121235              0.071586        
349    0.00903034      0.0217059             0.00256051            5.6805e-05            1.37509e-09           0.0835161             0.040767        
350    0.000392849     7.62993e-05           0.000294934           0.000559277           0.000786929           1.70104               0               
351    0.000267332     2.90039e-05           0.00013038            0.000310469           0.000698855           2.00268               0               
352    3.45077e-46     3.4933e-57            1.91898e-47           1.4894e-45            6.11044e-52           1.02968               0               
353    1.30766e-49     9.42176e-72           1.71221e-56           4.42942e-50           5.27382e-49           2.66661               0               
354    8.08968e-67     2.3088e-100           1.30962e-79           3.1096e-70            3.53629e-66           2.8033                0               
355    8.16793e-64     4.97284e-96           1.60332e-76           1.55446e-67           3.57066e-63           2.80338               0               
356    2.00637e-48     2.07902e-71           3.7941e-57            1.33553e-50           8.75797e-48           2.80076               0               
357    4.54608e-51     7.48297e-78           1.3096e-62            2.76162e-55           1.98741e-50           2.80343               0               
358    3.78266e-39     6.79269e-51           8.76204e-42           1.50485e-38           1.47959e-39           1.19507               0               
359    5.0365e-44      1.14773e-67           5.68596e-54           2.2661e-47            2.20161e-43           2.80327               0               
360    4.80559e-22     1.0604e-27            5.12427e-23           1.76404e-21           2.85602e-22           1.26271               0               
361    3.63892e-34     1.43173e-52           1.45953e-41           1.66102e-36           1.58919e-33           2.80161               0               
362    2.68925e-24     1.28383e-32           1.80418e-26           5.1149e-24            6.62378e-24           2.03146               0               
363    8.89733e-22     3.79838e-32           1.04971e-25           1.07897e-22           3.78169e-21           2.7544                0               
364    3.15317e-19     7.20126e-27           1.03973e-21           1.87496e-19           1.18995e-18           2.56145               0               
365    0.057337        0.057337              0.057337              0.057337              0.057337              1                     0.057337        
366    6.10794e-07     2.38597e-07           1.43646e-06           9.77779e-07           1.74073e-08           0.63973               0               
367    6.9625e-11      2.11986e-11           2.14476e-10           6.86491e-11           5.97927e-14           0.54631               0               
368    0.0126323       0.0298011             0.00263692            3.73708e-05           4.45478e-10           0.07432               0.061197        
369    2.38734e-11     2.90639e-14           1.19245e-11           7.92004e-11           1.32145e-11           1.19164               0               
370    1.28029e-23     5.16713e-33           3.38403e-27           1.6994e-24            5.42684e-23           2.74969               0               
371    5.09903e-13     4.8504e-15            8.85584e-13           1.3358e-12            2.931e-15             0.797471              0               
372    0.0195615       0.0468248             0.0111836             0.000896587           9.17873e-07           0.121235              0.071586        
373    4.57932e-10     4.54821e-11           9.25567e-10           1.01044e-09           2.04736e-11           0.754583              0               
374    1.64648e-21     1.15012e-29           1.91769e-24           4.81649e-22           6.71445e-21           2.68464               0               
375    7.75294e-20     6.82938e-28           3.11335e-22           7.9419e-20            2.59209e-19           2.38745               0               
376    6.64545e-09     8.21054e-11           7.59338e-09           2.03902e-08           9.86526e-10           0.936671              0               
377    0.0202522       0.0444584             0.018733              0.00398346            4.76788e-05           0.18903               0.057337        
378    2.92708e-19     9.47942e-28           1.78329e-22           5.49057e-20           1.22456e-18           2.72734               0               
379    1.60754e-16     1.9424e-23            1.63619e-18           2.07837e-16           4.93304e-16           2.27564               0               
380    1.23284e-23     3.98544e-38           3.35353e-30           4.10786e-26           5.38558e-23           2.80211               0               
381    1.91803e-19     2.58687e-28           1.52203e-22           6.18436e-20           7.76521e-19           2.67277               0               
382    9.73679e-22     1.13149e-33           1.0621e-26            2.82855e-23           4.22839e-21           2.79171               0               
383    7.61101e-27     1.59215e-44           1.44061e-35           1.18917e-30           3.32723e-26           2.80339               0               
384    2.49564e-26     2.74956e-45           9.26872e-36           1.67646e-30           1.09101e-25           2.80342               0               
385    2.80128e-12     1.14646e-16           9.4843e-14            2.15179e-12           9.99975e-12           2.47475               0               
386    0.000731461     0.000192436           0.000682915           0.00112733            0.00119508            1.51177               0               
387    0.00122739      0.000215305           0.000838651           0.00163468            0.0026772             1.78635               0               
388    0.00328914      0.000807856           0.00286489            0.00481098            0.00589559            1.58825               0               
389    0.069147        0.069147              0.069147              0.069147              0.069147              1                     0.069147        
390    7.68216e-26     1.01552e-39           9.19871e-32           8.71033e-28           3.34974e-25           2.79887               0               
391    8.48699e-26     8.37617e-35           4.36421e-29           1.59946e-26           3.54992e-25           2.72704               0               
392    2.19567e-29     7.12205e-45           3.67801e-36           6.6922e-32            9.59223e-29           2.80222               0               
393    5.53847e-18     2.95522e-25           3.80533e-20           5.80598e-18           1.83688e-17           2.37624               0               
394    4.19879e-42     1.17291e-56           4.00779e-45           1.83307e-41           2.13868e-44           1.0393                0               
395    7.84453e-06     3.41616e-05           1.32736e-07           1.39333e-12           1.44854e-26           0.0994237             0               
396    7.42512e-44     3.88936e-58           1.11196e-46           3.24451e-43           4.58386e-47           1.03741               0               
397    3.18975e-38     5.42209e-47           3.53787e-38           1.04069e-37           1.24648e-47           0.883988              0               
398    9.68311e-29     7.2147e-36            5.59647e-29           3.67357e-28           2.88727e-34           0.957446              0               
399    4.55113e-16     9.63858e-16           1.02577e-15           1.2105e-20            8.02143e-36           0.270676              0               
400    1.48696e-25     7.68213e-29           6.48297e-25           1.68764e-27           6.18758e-40           0.43433               0               
401    0.00892145      0.0173843             0.00030269            2.16866e-07           2.48887e-16           0.0471029             0.057337        
402    0.00892145      0.0173843             0.00030269            2.16866e-07           2.48887e-16           0.0471029             0.057337        
403    1.62108e-33     9.21789e-43           8.37132e-35           7.00299e-33           2.4981e-37            1.03029               0               
404    1.16255e-08     5.06184e-08           2.0547e-10            3.18439e-16           2.02849e-33           0.0994813             0               
405    1.67406e-06     7.31824e-06           3.404e-10             1.78855e-18           2.66208e-40           0.0981438             0               
406    1.67406e-06     7.31824e-06           3.404e-10             1.78855e-18           2.66208e-40           0.0981438             0               
407    3.64662e-06     1.59375e-05           4.58235e-09           4.2432e-16            6.29429e-36           0.0982245             0               
408    1.34401e-05     5.8749e-05            7.60563e-09           1.98134e-16           2.87486e-37           0.0981716             0               
409    1.90612e-43     6.64943e-52           1.94163e-43           6.39146e-43           1.5225e-52            0.896504              0               
410    2.85003e-17     1.04509e-16           2.00869e-17           1.49324e-22           3.88607e-40           0.152084              0               
411    9.37587e-11     3.587e-10             5.1179e-11            1.05567e-14           6.67176e-26           0.13994               0               
412    0.00170179      9.04822e-05           0.000644612           0.00203084            0.00467386            2.08306               0               
413    3.37348e-36     7.67882e-41           1.20728e-35           2.67518e-36           1.58151e-45           0.542463              0               
414    3.4091e-15      9.74508e-15           5.15723e-15           1.44109e-18           1.45266e-30           0.214027              0               
415    3.97583e-17     1.67481e-16           6.33208e-18           6.58904e-24           2.03899e-40           0.110321              0               
416    8.66694e-38     2.65521e-48           4.52592e-39           3.74371e-37           3.3975e-43            1.03015               0               
417    5.1795e-65      1.38006e-90           7.95481e-74           1.98942e-66           2.24446e-64           2.78794               0               
418    1.25205e-07     3.18763e-10           2.02311e-08           1.35432e-07           3.91383e-07           2.27728               0               
419    1.08093e-74     4.5718e-112           5.13806e-89           1.95205e-78           4.72536e-74           2.80338               0               
420    7.747e-52       6.47712e-70           3.258e-56             3.33449e-51           5.22744e-53           1.06462               0               
421    2.20385e-39     2.11866e-50           8.93969e-42           9.49252e-39           1.33228e-40           1.06123               0               
422    8.02557e-45     3.39063e-58           1.21616e-46           3.49641e-44           6.49603e-50           1.03528               0               
423    0.0646          0.0646                0.0646                0.0646                0.0646                1                     0.0646          
424    0.053052        0.053052              0.053052              0.053052              0.053052              1                     0.053052        
425    0.022355        0.022355              0.022355              0.022355              0.022355              1                     0.022355        
426    1.8185e-48      8.8294e-64            1.3073e-52            4.27223e-48           3.67766e-48           1.85435               0               
427    3.08688e-44     1.71051e-55           1.27622e-45           1.33674e-43           1.507e-49             1.03166               0               
428    2.42878e-28     1.68514e-38           6.66571e-30           1.05511e-27           2.35657e-32           1.03361               0               
429    3.25247e-17     1.10845e-16           3.1342e-17            2.57984e-21           1.87832e-35           0.171915              0               
430    3.62299e-24     1.36229e-28           1.57009e-23           1.37771e-25           1.02737e-37           0.438056              0               
431    1.70178e-22     5.12152e-24           7.35575e-22           3.27911e-24           1.49551e-35           0.433161              0               
432    4.67322e-66     1.87358e-92           3.96658e-74           1.94423e-66           1.84859e-65           2.63538               0               
433    1.17941e-54     9.58407e-71           7.23403e-58           5.15486e-54           5.04137e-58           1.03746               0               
434    1.07818e-67     5.74061e-107          4.03141e-84           3.83944e-73           4.71354e-67           2.80345               0               
435    1.49806e-29     2.14586e-31           6.4347e-29            9.29633e-31           6.68332e-41           0.440285              0               
436    3.38268e-20     9.54982e-21           1.38327e-19           5.54192e-24           1.68666e-38           0.41121               0               
437    9.38931e-62     3.46928e-92           2.73655e-74           9.84057e-66           4.10467e-61           2.80341               0               
438    7.3024e-64      2.00275e-95           6.20163e-77           3.90716e-68           3.19239e-63           2.80343               0               
439    1.56415e-64     6.58441e-98           6.98365e-78           1.60915e-68           6.83792e-64           2.80341               0               
440    1.17176e-14     7.13972e-24           3.4233e-19            1.47758e-16           5.10782e-14           2.79834               0               
441    1.8598e-13      5.84736e-19           1.97379e-15           9.30106e-14           7.18074e-13           2.59566               0               
442    5.06787e-23     7.00023e-35           1.0304e-28            2.09943e-25           2.21345e-22           2.80178               0               
443    9.85856e-22     4.84564e-33           1.69607e-26           2.72452e-23           4.28265e-21           2.79228               0               
444    2.45146e-31     1.74642e-46           7.34438e-37           1.66146e-32           1.0551e-30            2.77607               0               
445    4.3316e-25      1.26486e-26           1.87904e-24           1.97687e-27           1.206e-40             0.431196              0               
446    2.09169e-68     4.23622e-94           1.53151e-75           3.33516e-68           5.8092e-68            2.15932               0               
447    1.18001e-17     2.04948e-17           3.10917e-17           4.81853e-22           5.83702e-37           0.299845              0               
448    2.85047e-62     9.70018e-86           4.23387e-69           2.61665e-62           9.84491e-62           2.43261               0               
449    1.19112e-24     1.3694e-25            5.06821e-24           2.14047e-27           5.01315e-42           0.424247              0               
450    8.5477e-29      1.32324e-32           3.06632e-28           6.70389e-29           2.69979e-37           0.541248              0               
451    3.80304e-59     1.2879e-81            2.82359e-66           8.68337e-60           1.57576e-58           2.71121               0               
452    4.48193e-58     9.87676e-80           5.44182e-64           8.06173e-58           1.15322e-57           2.07681               0               
453    4.65324e-67     1.69837e-98           1.15228e-78           1.10387e-69           2.03318e-66           2.80249               0               
454    0.0110921       0.0262352             0.0024107             3.66592e-05           5.55221e-10           0.0753896             0.053287        
455    1.93769e-21     1.03453e-32           1.3233e-26            2.0823e-23            8.45028e-21           2.79911               0               
456    1.13493e-07     2.47863e-08           2.01761e-07           2.46344e-07           2.32717e-08           0.827441              0               
457    7.19301e-18     2.89986e-24           1.58147e-19           1.41763e-17           1.71117e-17           1.99536               0               
458    3.45225e-21     7.05166e-32           1.47617e-25           1.78797e-22           1.49134e-20           2.78251               0               
459    0.0176153       0.0423138             0.00517126            0.000131764           8.64684e-09           0.0847557             0.079066        
460    2.3138e-05      7.8845e-05            2.19056e-05           4.03105e-07           1.76186e-12           0.174347              0               
461    1.90158e-17     4.0172e-25            1.79047e-20           4.8044e-18            7.831e-17             2.70088               0               
462    6.65372e-10     1.17662e-12           4.23506e-10           2.26054e-09           2.23614e-10           1.08474               0               
463    1.11713e-37     1.81227e-49           2.78301e-40           4.81325e-37           6.78031e-39           1.06155               0               
464    8.98522e-07     2.83747e-09           1.5663e-07            9.38799e-07           2.82985e-06           2.28489               0               
465    2.91029e-42     1.31259e-56           1.93736e-45           1.26315e-41           8.96089e-44           1.04972               0               
466    3.4157e-24      6.90275e-27           1.45655e-23           3.60228e-25           2.44325e-34           0.44723               0               
467    4.46522e-63     3.92318e-81           2.70399e-67           1.86545e-62           8.65994e-64           1.11571               0               
468    1.20954e-54     1.58152e-71           2.34054e-58           5.27294e-54           1.46212e-56           1.04223               0               
469    3.26251e-55     2.1188e-70            7.78671e-58           1.42551e-54           2.49818e-60           1.03704               0               
470    2.94477e-67     5.14757e-104          6.59099e-82           1.08949e-71           1.28737e-66           2.80344               0               
471    2.2488e-57      4.71268e-77           3.10638e-62           9.61266e-57           2.18499e-58           1.07662               0               
472    1.70891e-34     2.4193e-42            1.93822e-35           7.27668e-34           4.34302e-38           1.02179               0               
473    1.63573e-22     1.97903e-24           6.88998e-22           2.41253e-23           2.26483e-31           0.45227               0               
474    5.00623e-06     1.52708e-08           8.88386e-07           5.67797e-06           1.53044e-05           2.24715               0               
475    4.08245e-26     7.24367e-32           8.29768e-27           1.69912e-25           2.64401e-28           1.01188               0               
476    3.59203e-18     5.00194e-25           3.18219e-20           3.35136e-18           1.23203e-17           2.42174               0               
477    0.00183423      0.000342661           0.00133986            0.00256983            0.00376643            1.72575               0               
478    0.00174362      0.000489752           0.00165189            0.00259629            0.00288476            1.51437               0               
479    0.0319195       0.0557269             0.0350557             0.0179642             0.00678198            0.417711              0.0646          
480    2.69372e-61     3.59604e-92           6.69201e-73           3.24496e-64           1.1773e-60            2.80297               0               
481    3.70225e-29     8.6685e-34            3.60972e-29           1.25753e-28           2.03596e-33           0.902554              0               
482    3.07183e-07     2.87875e-10           2.1346e-08            2.07768e-07           1.11353e-06           2.49195               0               
483    2.03213e-53     3.75838e-77           4.79537e-63           2.3558e-56            8.88161e-53           2.80298               0               
484    3.54034e-45     1.22458e-64           2.32015e-49           1.54676e-44           9.68333e-48           1.03847               0               
485    3.41764e-55     2.34841e-71           1.90093e-58           1.49375e-54           1.648e-58             1.03749               0               
486    1.26392e-27     3.31666e-32           5.4423e-27            8.32154e-29           2.68797e-40           0.441903              0               
487    1.35006e-07     4.32733e-07           1.56749e-07           7.29495e-10           8.86174e-18           0.188172              0               
488    4.27018e-30     2.94953e-35           1.68872e-29           1.78094e-30           6.6532e-40            0.490476              0               
489    1.67368e-07     7.30768e-07           9.22766e-10           2.23475e-16           2.25006e-35           0.0985503             0               
490    1.08956e-05     4.76294e-05           3.43546e-09           3.81514e-17           3.50718e-38           0.0981524             0               
491    0.00903923      0.017861              0.000340919           2.87959e-07           5.29095e-16           0.0480932             0.057337        
492    0.00818369      0.00638285            1.32832e-06           4.61617e-13           2.86118e-30           0.0175228             0.079066        
493    0.00572144      0.00226261            3.49333e-08           1.47902e-16           4.4866e-38            0.00887713            0.061197        
494    0.00523472      0.00307518            2.03163e-07           8.82671e-15           1.32427e-34           0.0131899             0.053287        
495    0.00772922      0.0167867             0.000629892           1.71925e-06           6.83018e-14           0.05687               0.04404         
496    0.00616586      0.00722468            8.76522e-06           6.67121e-11           1.06856e-24           0.0264412             0.053052        
