Note : P(D|M) is the probability of site D given the model M (i.e., the site likelihood)
P(D|M,rr[x]) is the probability of site D given the model M and the relative rate
of evolution rr[x], where x is the class of rate to be considered.
We have P(D|M) = \sum_x P(x) x P(D|M,rr[x]).


Site   P(D|M)          P(D|M,rr[1]=0.0911)   P(D|M,rr[2]=0.3985)   P(D|M,rr[3]=0.9510)   P(D|M,rr[4]=2.5594)   Posterior mean        P(D|M,rr[0]=0)  
1      0.0116754       0.0133581             1.7985e-05            2.27803e-10           9.44991e-23           0.026204              0.099081        
2      0.00802733      0.00502346            5.22492e-07           6.33462e-14           5.32668e-32           0.0142552             0.079066        
3      1.00238e-43     9.58345e-57           5.47258e-46           4.38611e-43           1.36247e-47           1.0409                0               
4      3.52549e-41     3.96212e-51           1.22433e-41           1.42218e-40           3.84009e-49           0.993635              0               
5      2.05461e-22     4.12638e-25           8.1649e-22            8.3278e-23            4.57654e-31           0.492337              0               
6      0.00868686      0.015979              0.00021917            1.08106e-07           5.04791e-17           0.0443992             0.057337        
7      6.23361e-15     8.60232e-15           1.8695e-14            1.38739e-17           5.76936e-29           0.330752              0               
8      0.00145277      0.00143157            8.58868e-07           1.47031e-12           3.87397e-29           0.0224956             0.012937        
9      0.0019661       0.00392446            8.90018e-05           1.00852e-07           3.13236e-16           0.0499708             0.012066        
10     0.00868686      0.015979              0.00021917            1.08106e-07           5.04791e-17           0.0443992             0.057337        
11     6.07895e-08     2.66243e-07           9.24403e-11           6.53088e-18           1.50829e-35           0.0998745             0               
12     1.28883e-07     5.55513e-07           9.15852e-09           2.52948e-13           1.86919e-26           0.10522               0               
13     3.21587e-05     0.000140531           3.64954e-07           2.14966e-12           7.77539e-27           0.10063               0               
14     2.47253e-17     3.06309e-17           7.76945e-17           2.74342e-21           6.66385e-37           0.341308              0               
15     3.4853e-09      1.52404e-08           2.96667e-11           6.13659e-18           3.12787e-35           0.100412              0               
16     8.56386e-21     7.20191e-21           3.03162e-20           2.5346e-24            5.3353e-39            0.371916              0               
17     3.87467e-21     3.307e-21             1.3669e-20            3.20927e-26           2.82429e-46           0.370914              0               
18     1.05764e-08     4.6258e-08            8.00294e-11           4.34106e-17           1.4349e-34            0.100339              0               
19     2.53313e-23     7.92965e-27           8.3749e-23            2.72265e-23           6.91532e-31           0.584929              0               
20     2.68317e-14     5.81405e-14           5.94035e-14           1.31034e-17           4.29804e-30           0.270031              0               
21     1.16144e-16     2.87243e-16           2.2161e-16            5.27911e-21           1.55807e-36           0.246426              0               
22     6.60779e-21     7.48085e-23           2.86691e-20           2.06667e-22           2.6643e-33            0.439963              0               
23     3.26137e-49     4.17196e-65           2.3956e-52            1.42856e-48           9.59286e-53           1.04161               0               
24     4.20771e-44     1.61561e-55           1.13926e-45           1.83212e-43           8.98303e-50           1.03786               0               
25     6.7634e-29      3.00301e-34           1.25403e-28           1.7092e-28            8.25458e-36           0.785528              0               
26     1.53351e-15     1.06238e-16           5.67715e-15           9.35345e-16           2.28283e-21           0.515426              0               
27     8.70409e-42     8.02102e-56           9.74057e-45           3.81012e-41           2.40253e-44           1.04255               0               
28     3.17029e-49     6.08614e-66           8.86685e-53           1.38835e-48           5.55937e-52           1.04226               0               
29     6.27938e-62     7.95916e-85           1.0888e-67            2.58599e-61           1.65179e-62           1.14738               0               
30     2.51333e-33     7.73679e-38           1.08449e-32           1.6661e-34            9.3048e-46            0.445667              0               
31     1.76763e-24     1.23472e-25           7.56113e-24           5.9887e-26            7.21216e-36           0.435824              0               
32     2.4807e-39      1.55338e-46           7.77425e-39           3.09437e-39           3.92733e-49           0.608785              0               
33     2.53103e-10     1.10688e-09           2.03746e-12           2.06838e-19           1.25161e-39           0.100376              0               
34     0.00407983      0.00186995            5.67658e-08           6.65542e-16           3.02568e-37           0.0104374             0.041977        
35     0.00803196      0.007891              5.17832e-06           1.56433e-11           4.49247e-26           0.0224337             0.071586        
36     3.35835e-11     1.45824e-10           1.31443e-12           9.1397e-19            5.53016e-35           0.102766              0               
37     3.24942e-09     1.42281e-08           8.50236e-12           3.22956e-19           1.12877e-37           0.0999588             0               
38     0.00223528      0.00126986            8.31559e-08           3.09809e-15           4.93169e-36           0.0129388             0.022355        
39     0.00407983      0.00186995            5.67658e-08           6.65542e-16           3.02568e-37           0.0104374             0.041977        
40     1.17914e-06     4.65117e-06           5.13277e-07           1.70258e-09           2.86624e-17           0.133526              0               
41     9.66516e-62     1.92963e-80           1.6176e-66            3.33317e-61           9.01387e-62           1.41662               0               
42     0.00650221      0.00212387            2.40238e-08           1.37356e-16           7.77201e-36           0.0074376             0.069147        
43     0.00407983      0.00186995            5.67658e-08           6.65542e-16           3.02568e-37           0.0104374             0.041977        
44     1.16532e-67     2.96565e-98           9.98128e-78           6.276e-69             5.04282e-67           2.78175               0               
45     5.57525e-49     4.28561e-63           1.72076e-51           2.44092e-48           3.01419e-53           1.04119               0               
46     4.37505e-15     7.01997e-15           1.21403e-14           8.05951e-18           1.46765e-28           0.313439              0               
47     4.06607e-86     1.18826e-142          5.46386e-112          1.62318e-96           1.78146e-85           2.80341               0               
48     0.079066        0.079066              0.079066              0.079066              0.079066              1                     0.079066        
49     0.055941        0.055941              0.055941              0.055941              0.055941              1                     0.055941        
50     0.055941        0.055941              0.055941              0.055941              0.055941              1                     0.055941        
51     0.055941        0.055941              0.055941              0.055941              0.055941              1                     0.055941        
52     0.04404         0.04404               0.04404               0.04404               0.04404               1                     0.04404         
53     0.057337        0.057337              0.057337              0.057337              0.057337              1                     0.057337        
54     0.079066        0.079066              0.079066              0.079066              0.079066              1                     0.079066        
55     0.057337        0.057337              0.057337              0.057337              0.057337              1                     0.057337        
56     0.057337        0.057337              0.057337              0.057337              0.057337              1                     0.057337        
57     0.062157        0.062157              0.062157              0.062157              0.062157              1                     0.062157        
58     0.057337        0.057337              0.057337              0.057337              0.057337              1                     0.057337        
59     0.055941        0.055941              0.055941              0.055941              0.055941              1                     0.055941        
60     0.057337        0.057337              0.057337              0.057337              0.057337              1                     0.057337        
61     0.012937        0.012937              0.012937              0.012937              0.012937              1                     0.012937        
62     0.055941        0.055941              0.055941              0.055941              0.055941              1                     0.055941        
63     0.069147        0.069147              0.069147              0.069147              0.069147              1                     0.069147        
64     2.64212e-62     1.16059e-89           1.21711e-71           7.05559e-64           1.15053e-61           2.79267               0               
65     2.63962e-42     2.07726e-47           1.15406e-41           2.4317e-44            1.51998e-61           0.437786              0               
66     7.00775e-50     5.5021e-68            1.1644e-54            2.26378e-49           8.06495e-50           1.50438               0               
67     1.00024e-44     2.8465e-56            1.3211e-45            4.25021e-44           8.77775e-53           1.02336               0               
68     6.15415e-73     4.48982e-109          3.45467e-86           4.51361e-76           2.69585e-72           2.80311               0               
69     1.41507e-31     1.50211e-35           5.43691e-31           7.62756e-32           1.38521e-40           0.510949              0               
70     5.49443e-35     1.54247e-42           1.7402e-34            6.67056e-35           4.26426e-45           0.604184              0               
71     8.58693e-15     5.2684e-18            5.10794e-15           3.0581e-14            1.92755e-15           1.04958               0               
72     8.49328e-69     1.47965e-104          6.78504e-84           6.06247e-74           3.72113e-68           2.80341               0               
73     7.28795e-86     4.26932e-128          3.36127e-103          1.4184e-91            3.19305e-85           2.80341               0               
74     3.5985e-90      1.63793e-145          5.55212e-116          7.05078e-101          1.5766e-89            2.80341               0               
75     0.057337        0.057337              0.057337              0.057337              0.057337              1                     0.057337        
76     0.055941        0.055941              0.055941              0.055941              0.055941              1                     0.055941        
77     0.099081        0.099081              0.099081              0.099081              0.099081              1                     0.099081        
78     0.057337        0.057337              0.057337              0.057337              0.057337              1                     0.057337        
79     0.057337        0.057337              0.057337              0.057337              0.057337              1                     0.057337        
80     0.057337        0.057337              0.057337              0.057337              0.057337              1                     0.057337        
81     0.000954624     0.000125828           0.000524143           0.00114449            0.00238801            1.94335               0               
82     1.22515e-67     7.49865e-110          1.39722e-87           4.2491e-76            5.36774e-67           2.80341               0               
83     1.66374e-46     3.47741e-72           2.8493e-56            6.31823e-49           7.283e-46             2.80188               0               
84     3.65525e-06     9.7136e-08            1.34939e-06           4.40136e-06           1.01668e-05           2.10337               0               
85     2.85385e-08     2.00472e-11           1.19906e-09           1.05498e-08           1.13266e-07           2.63162               0               
86     4.32966e-54     1.5018e-77            1.46535e-62           8.63482e-56           1.88831e-53           2.79539               0               
87     1.88236e-69     6.08569e-108          2.17574e-86           1.11335e-75           8.24712e-69           2.80341               0               
88     3.96004e-07     1.95215e-10           1.60241e-08           1.80623e-07           1.53816e-06           2.59783               0               
89     0.000444777     8.42924e-05           0.000319114           0.000595144           0.000950139           1.76079               0               
90     0.000970125     9.63077e-05           0.000452901           0.00112608            0.0025751             2.02317               0               
91     0.00037194      6.75637e-05           0.000255419           0.000489152           0.000817438           1.79148               0               
92     1.52743e-05     6.68582e-05           6.2517e-08            6.60603e-14           5.00763e-30           0.100072              0               
93     2.1468e-31      2.64888e-35           7.47151e-31           1.93396e-31           5.47048e-40           0.560918              0               
94     9.29768e-29     4.61834e-33           3.07448e-28           9.9904e-29            3.98433e-37           0.584906              0               
95     1.04123e-45     1.8822e-56            2.21723e-46           4.3402e-45            1.2493e-53            1.01219               0               
96     4.17968e-73     3.4926e-109           6.48072e-88           9.82339e-78           1.83122e-72           2.8034                0               
97     1.24048e-28     3.20367e-33           5.35951e-28           7.53342e-30           1.16245e-41           0.444899              0               
98     2.19974e-85     4.15516e-139          9.41831e-110          5.05421e-95           9.63769e-85           2.80341               0               
99     2.02943e-75     5.56234e-124          4.91908e-97           1.00637e-83           8.8915e-75            2.80341               0               
100    1.12257e-27     3.68998e-33           5.94401e-28           4.32376e-27           1.17102e-31           0.96851               0               
101    1.19127e-15     2.72233e-15           2.49651e-15           4.54843e-19           8.45813e-32           0.260918              0               
102    1.34488e-09     5.89077e-09           1.52354e-12           6.68036e-20           5.53776e-38           0.0998447             0               
103    6.3229e-06      2.77009e-05           1.43389e-09           2.06055e-17           3.0926e-36            0.0997751             0               
104    7.41855e-27     5.09511e-30           3.24457e-26           5.18898e-29           1.72956e-41           0.437427              0               
105    2.77814e-09     1.19223e-08           2.49482e-10           1.23412e-14           1.24148e-26           0.106661              0               
106    0.00728438      0.0147522             0.000370799           5.12155e-07           3.13479e-15           0.0511997             0.04404         
107    0.00792166      0.00456065            3.43183e-07           2.35042e-14           4.09155e-33           0.0131129             0.079066        
108    0.00483707      0.00505957            4.23342e-06           1.75114e-11           5.63304e-26           0.0239036             0.042302        
109    0.057337        0.057337              0.057337              0.057337              0.057337              1                     0.057337        
110    0.057337        0.057337              0.057337              0.057337              0.057337              1                     0.057337        
111    0.04404         0.04404               0.04404               0.04404               0.04404               1                     0.04404         
112    0.055941        0.055941              0.055941              0.055941              0.055941              1                     0.055941        
113    0.061197        0.061197              0.061197              0.061197              0.061197              1                     0.061197        
114    0.055941        0.055941              0.055941              0.055941              0.055941              1                     0.055941        
115    0.04404         0.04404               0.04404               0.04404               0.04404               1                     0.04404         
116    0.057337        0.057337              0.057337              0.057337              0.057337              1                     0.057337        
117    0.057337        0.057337              0.057337              0.057337              0.057337              1                     0.057337        
118    0.04404         0.04404               0.04404               0.04404               0.04404               1                     0.04404         
119    0.079066        0.079066              0.079066              0.079066              0.079066              1                     0.079066        
120    0.079066        0.079066              0.079066              0.079066              0.079066              1                     0.079066        
121    0.04404         0.04404               0.04404               0.04404               0.04404               1                     0.04404         
122    0.04404         0.04404               0.04404               0.04404               0.04404               1                     0.04404         
123    0.061197        0.061197              0.061197              0.061197              0.061197              1                     0.061197        
124    0.099081        0.099081              0.099081              0.099081              0.099081              1                     0.099081        
125    0.053287        0.053287              0.053287              0.053287              0.053287              1                     0.053287        
126    0.061197        0.061197              0.061197              0.061197              0.061197              1                     0.061197        
127    0.055941        0.055941              0.055941              0.055941              0.055941              1                     0.055941        
128    0.057337        0.057337              0.057337              0.057337              0.057337              1                     0.057337        
129    0.055941        0.055941              0.055941              0.055941              0.055941              1                     0.055941        
130    0.061197        0.061197              0.061197              0.061197              0.061197              1                     0.061197        
131    0.069147        0.069147              0.069147              0.069147              0.069147              1                     0.069147        
132    0.0085183       0.0152794             0.000180265           6.79532e-08           1.47002e-17           0.0429517             0.057337        
133    9.33728e-07     4.08946e-06           1.4569e-09            2.74021e-16           1.91202e-34           0.0998776             0               
134    5.01256e-29     2.81733e-32           2.19514e-28           7.24166e-32           3.83628e-48           0.43667               0               
135    2.64742e-32     4.65094e-38           9.108e-32             2.49106e-32           3.30442e-41           0.566464              0               
136    4.26497e-31     1.64622e-36           1.37735e-30           4.91246e-31           6.70852e-41           0.595587              0               
137    0.00803196      0.007891              5.17832e-06           1.56433e-11           4.49247e-26           0.0224337             0.071586        
138    1.17767e-06     5.15967e-06           3.04012e-11           3.22161e-21           1.29767e-48           0.0997596             0               
139    2.27989e-51     1.05155e-63           9.23863e-53           9.89644e-51           1.80481e-58           1.036                 0               
140    1.06959e-65     1.53256e-99           5.39323e-80           1.27989e-70           4.68616e-65           2.8034                0               
141    1.60418e-22     1.07145e-24           6.8739e-22            1.43743e-23           1.04344e-32           0.448376              0               
142    6.65257e-50     5.63494e-67           1.85046e-53           2.91409e-49           4.03825e-53           1.0418                0               
143    6.85323e-61     9.43516e-92           1.0095e-71            5.99916e-63           2.99659e-60           2.79989               0               
144    7.20754e-47     3.75961e-63           2.96878e-50           3.15611e-46           1.41406e-49           1.04233               0               
145    2.3202e-51      9.80492e-69           1.1206e-55            9.38702e-51           7.78294e-52           1.17648               0               
146    4.77916e-37     3.16111e-42           2.02956e-36           6.43176e-38           1.73974e-49           0.4551                0               
147    2.3955e-49      5.97268e-63           2.91789e-51           1.04662e-48           4.98808e-56           1.03991               0               
148    7.48958e-28     1.12971e-30           3.27854e-27           1.72291e-30           1.68609e-44           0.436716              0               
149    1.5454e-07      6.76926e-07           1.54832e-10           5.47964e-18           2.43199e-36           0.0998346             0               
150    0.00588098      0.00553573            3.00032e-06           6.2629e-12            4.83262e-27           0.0214832             0.053052        
151    5.38705e-07     2.36e-06              2.18288e-10           3.62334e-18           2.46876e-39           0.0997888             0               
152    0.00511669      0.00210054            4.35855e-08           2.93074e-16           6.68914e-38           0.00934817            0.053287        
153    0.00142847      0.00132534            6.13075e-07           6.58423e-13           4.49887e-30           0.021168              0.012937        
154    0.00728438      0.0147522             0.000370799           5.12155e-07           3.13479e-15           0.0511997             0.04404         
155    5.43022e-07     2.19296e-06           1.85788e-07           3.78794e-10           1.4112e-18            0.126205              0               
156    0.00650445      0.00213368            2.45137e-08           1.44151e-16           8.85966e-36           0.00746939            0.069147        
157    8.74917e-24     3.84634e-25           3.79468e-23           1.03367e-27           4.15191e-45           0.433151              0               
158    5.19076e-08     2.26342e-07           1.07936e-09           3.49539e-15           1.2389e-30            0.101356              0               
159    0.00650221      0.00212387            2.40238e-08           1.37356e-16           7.772e-36             0.0074376             0.069147        
160    0.00192833      0.00377308            7.49357e-05           6.69275e-08           1.04257e-16           0.0484312             0.012066        
161    3.9153e-45      2.76723e-53           5.95272e-45           1.12013e-44           1.99641e-55           0.831623              0               
162    2.60361e-37     1.0346e-42            1.07961e-36           6.11017e-38           4.31968e-50           0.468925              0               
163    3.97301e-13     1.73141e-12           9.27532e-15           2.65855e-21           2.03455e-38           0.101552              0               
164    1.31575e-17     2.15482e-18           5.5385e-17            1.06864e-19           5.68876e-31           0.425048              0               
165    1.19656e-45     7.38713e-59           1.31287e-47           5.22932e-45           3.37796e-51           1.04008               0               
166    1.73179e-28     3.17632e-31           7.5769e-28            7.37917e-31           7.19185e-46           0.436962              0               
167    1.06157e-44     6.49e-57              1.67953e-46           4.63424e-44           5.8443e-50            1.03941               0               
168    8.52577e-57     1.02757e-80           1.25418e-63           8.89237e-57           2.84614e-56           2.38399               0               
169    9.97125e-51     1.88365e-65           1.23563e-53           4.36668e-50           7.64919e-54           1.04173               0               
170    2.28056e-57     1.42749e-87           4.2202e-69            1.68483e-60           9.99009e-57           2.80311               0               
171    5.70737e-54     2.39088e-70           2.45085e-57           2.50027e-53           3.66105e-58           1.04156               0               
172    3.49285e-06     1.53017e-05           1.42456e-09           2.38775e-17           1.65747e-38           0.099789              0               
173    4.92606e-33     2.21512e-36           2.15706e-32           9.62287e-36           9.26036e-52           0.436749              0               
174    0.069147        0.069147              0.069147              0.069147              0.069147              1                     0.069147        
175    0.04404         0.04404               0.04404               0.04404               0.04404               1                     0.04404         
176    0.055941        0.055941              0.055941              0.055941              0.055941              1                     0.055941        
177    0.079066        0.079066              0.079066              0.079066              0.079066              1                     0.079066        
178    0.055941        0.055941              0.055941              0.055941              0.055941              1                     0.055941        
179    0.055941        0.055941              0.055941              0.055941              0.055941              1                     0.055941        
180    7.61309e-29     9.50437e-35           3.13807e-28           1.97428e-29           1.2259e-40            0.472329              0               
181    6.52358e-12     2.85082e-11           7.3428e-14            6.68443e-21           6.88364e-39           0.100623              0               
182    0.00223528      0.00126986            8.31559e-08           3.09809e-15           4.93169e-36           0.0129388             0.022355        
183    1.54642e-05     6.44571e-05           3.29282e-06           2.90902e-09           1.6176e-18            0.116165              0               
184    5.812e-06       2.54406e-05           2.33356e-08           2.38599e-14           1.70676e-30           0.100066              0               
185    1.01656e-35     1.72374e-43           1.21676e-36           4.33193e-35           2.42053e-39           1.02516               0               
186    1.29334e-73     7.20622e-105          7.30974e-84           5.59496e-75           5.61053e-73           2.78601               0               
187    0.00223528      0.00126986            8.31559e-08           3.09809e-15           4.93169e-36           0.0129388             0.022355        
188    0.00803196      0.007891              5.17832e-06           1.56433e-11           4.49247e-26           0.0224337             0.071586        
189    0.00803196      0.007891              5.17832e-06           1.56433e-11           4.49247e-26           0.0224337             0.071586        
190    1.68134e-12     7.29467e-12           7.17277e-14           2.36755e-20           7.52494e-40           0.103037              0               
191    7.86933e-40     2.75383e-52           4.54345e-41           3.40234e-39           9.72303e-47           1.03362               0               
192    8.09387e-06     3.54487e-05           1.28117e-08           2.43415e-15           1.51241e-33           0.0998793             0               
193    0.00511669      0.00210054            4.35855e-08           2.93074e-16           6.68914e-38           0.00934817            0.053287        
194    1.83484e-28     5.00086e-31           8.01164e-28           2.22989e-30           3.26046e-43           0.437983              0               
195    0.00565816      0.00145697            5.99334e-09           3.23359e-18           1.60647e-41           0.00586313            0.061197        
196    2.68916e-18     6.58276e-18           5.19866e-18           5.42682e-22           8.66698e-36           0.248391              0               
197    4.23647e-20     1.03358e-19           8.22511e-20           2.02208e-24           7.44493e-40           0.248997              0               
198    6.34546e-67     5.37301e-104          1.49955e-82           4.1525e-72            2.78012e-66           2.80341               0               
199    5.04681e-69     7.34031e-94           8.33382e-77           1.67506e-69           2.04364e-68           2.66994               0               
200    5.48053e-10     2.05902e-09           3.42067e-10           8.57842e-14           2.11766e-25           0.147765              0               
201    2.83448e-33     4.29714e-43           5.67692e-34           1.1851e-32            2.65606e-39           1.01394               0               
202    5.10586e-29     2.74106e-33           2.22451e-28           1.24766e-30           4.11168e-43           0.439885              0               
203    1.67688e-29     2.5505e-33            7.30589e-29           4.07223e-31           5.93485e-43           0.439856              0               
204    9.02304e-18     3.50218e-17           4.51041e-18           1.64406e-22           4.49056e-36           0.138183              0               
205    1.20917e-43     3.79097e-55           6.84813e-45           5.22921e-43           3.64727e-50           1.03378               0               
206    2.76172e-40     4.08179e-51           2.01469e-40           1.00852e-39           8.71015e-52           0.940847              0               
207    4.26611e-80     2.07937e-126          6.03874e-100          3.32997e-87           1.8691e-79            2.80341               0               
208    7.0334e-17      1.45343e-17           2.93244e-16           3.74153e-19           7.4156e-31            0.421365              0               
209    4.99687e-09     2.18543e-08           3.83673e-11           2.09397e-17           6.02429e-35           0.100348              0               
210    1.16876e-50     1.42972e-66           9.02266e-54           5.11965e-50           1.06036e-54           1.04153               0               
211    1.99424e-26     2.10296e-28           8.41469e-26           3.01606e-27           3.90771e-36           0.456591              0               
212    2.46836e-15     1.0485e-14            3.29553e-16           3.28914e-22           1.11458e-38           0.11002               0               
213    2.1313e-37      7.11325e-44           4.73574e-37           4.60208e-37           9.76339e-47           0.734725              0               
214    5.75112e-55     3.23875e-75           9.42076e-60           2.50543e-54           1.42867e-56           1.05158               0               
215    6.38985e-08     2.68848e-07           1.1107e-08            1.30756e-12           1.35738e-24           0.113123              0               
216    4.86102e-20     3.52129e-20           1.7776e-19            1.5115e-24            1.55698e-40           0.38084               0               
217    1.52494e-28     2.66704e-32           5.51948e-28           1.16145e-28           8.39992e-37           0.541687              0               
218    1.00653e-59     6.2191e-77            1.06387e-63           4.38096e-59           2.88039e-61           1.05309               0               
219    6.04841e-11     2.11845e-13           3.16354e-11           1.77613e-10           5.55372e-11           1.33784               0               
220    1.99111e-46     1.14999e-60           4.88204e-50           7.65231e-46           1.07083e-46           1.25783               0               
221    4.34476e-06     9.82658e-07           7.45178e-06           9.08545e-06           1.5157e-06            0.896392              0               
222    2.88453e-08     4.87555e-11           3.4154e-09            2.78749e-08           9.504e-08             2.3498                0               
223    6.54152e-05     1.38315e-05           0.000110739           0.000140728           2.13042e-05           0.89331               0               
224    0.0317145       0.0522723             0.0382987             0.0219971             0.00452045            0.413943              0.057337        
225    0.000380895     0.000425842           0.000794995           0.000426806           2.11645e-05           0.535352              0               
226    0.0215584       0.0471105             0.0196714             0.0042667             7.15434e-05           0.189843              0.061197        
227    1.74788e-28     7.74464e-33           1.62672e-28           6.03101e-28           1.29331e-32           0.913083              0               
228    3.00827e-12     1.69145e-15           8.07758e-13           7.73173e-12           4.6389e-12            1.62449               0               
229    3.72458e-08     1.86335e-09           3.02125e-08           8.79708e-08           4.31375e-08           1.38455               0               
230    5.45055e-56     3.14929e-74           3.22442e-60           2.38507e-55           2.93226e-58           1.04375               0               
231    2.94199e-47     5.00903e-64           5.83626e-51           1.28403e-46           4.87899e-49           1.04824               0               
232    1.73781e-55     1.24498e-79           8.10833e-63           7.97491e-56           6.81633e-55           2.61887               0               
233    4.56212e-39     5.92864e-49           2.95214e-40           1.96926e-38           4.93376e-44           1.03266               0               
234    7.89876e-17     3.61096e-17           3.09518e-16           4.38557e-19           2.37028e-30           0.402143              0               
235    2.22123e-45     1.35797e-59           1.44609e-47           9.71735e-45           2.30528e-52           1.0407                0               
236    6.12797e-74     9.81858e-114          1.04443e-89           1.37801e-78           2.68482e-73           2.8034                0               
237    4.16391e-26     1.33618e-28           1.8043e-25            1.869e-27             1.63975e-38           0.442467              0               
238    1.61654e-08     6.91549e-08           1.67014e-09           7.49233e-14           6.89991e-27           0.1077                0               
239    0.000372975     6.78928e-05           0.000256493           0.000490793           0.000818926           1.79042               0               
240    8.35297e-66     1.09076e-92           7.58916e-74           3.67585e-66           3.29208e-65           2.62645               0               
241    0.04404         0.04404               0.04404               0.04404               0.04404               1                     0.04404         
242    2.06025e-73     8.78959e-98           9.1983e-80            7.66284e-73           1.3637e-73            1.30776               0               
243    7.31406e-22     6.68934e-22           2.53539e-21           1.68961e-25           1.50546e-40           0.366249              0               
244    3.1664e-67      7.90587e-90           3.47424e-72           1.38711e-66           1.72715e-70           1.04181               0               
245    2.62459e-21     1.04881e-20           1.01099e-21           7.10229e-28           9.01961e-47           0.129365              0               
246    1.24166e-68     6.02081e-101          1.59311e-80           1.64157e-71           5.43842e-68           2.80288               0               
247    3.83338e-26     1.48968e-29           9.31945e-26           7.47414e-26           8.53144e-32           0.705759              0               
248    2.65557e-05     0.000115904           4.43428e-07           4.69629e-12           4.57858e-26           0.101041              0               
249    3.17025e-17     5.29151e-17           8.59514e-17           3.06955e-20           1.20887e-32           0.308355              0               
250    0.00728438      0.0147522             0.000370799           5.12155e-07           3.13479e-15           0.0511997             0.04404         
251    1.96478e-27     3.58843e-31           7.34806e-27           1.25983e-27           2.0244e-36            0.525055              0               
252    2.77553e-73     5.50345e-100          2.37277e-81           7.41849e-74           1.14185e-72           2.69593               0               
253    3.66609e-51     2.14754e-59           8.85494e-52           1.51766e-50           8.81686e-57           1.00824               0               
254    2.89053e-06     1.25957e-05           6.85375e-08           1.77323e-12           1.09579e-24           0.10158               0               
255    0.057337        0.057337              0.057337              0.057337              0.057337              1                     0.057337        
256    0.061197        0.061197              0.061197              0.061197              0.061197              1                     0.061197        
257    8.7056e-74      1.49711e-113          1.31377e-90           1.64864e-79           3.81416e-73           2.80341               0               
258    2.60501e-55     6.14873e-74           1.16014e-59           1.12385e-54           1.74706e-56           1.06856               0               
259    6.57741e-30     2.69563e-34           2.85412e-29           2.76032e-31           5.32281e-43           0.442307              0               
260    0.0085183       0.0152794             0.000180265           6.79532e-08           1.47002e-17           0.0429517             0.057337        
261    1.10209e-36     3.82257e-45           6.0854e-37            4.22003e-36           7.67813e-44           0.965339              0               
262    2.64489e-05     0.000115842           3.78553e-08           6.06613e-15           2.44086e-33           0.0998676             0               
263    1.03315e-05     4.52589e-05           6.44987e-09           2.02429e-16           2.8756e-37            0.0998056             0               
264    3.38991e-06     1.4851e-05            1.19211e-09           1.30987e-17           1.0272e-39            0.0997847             0               
265    3.71993e-06     1.62963e-05           1.72386e-09           3.48355e-17           3.01797e-38           0.0997933             0               
266    7.56494e-06     3.31405e-05           3.59442e-09           7.4368e-17            6.3267e-38            0.0997942             0               
267    5.73074e-07     2.51078e-06           1.64002e-11           2.13356e-21           1.29945e-48           0.0997598             0               
268    4.23904e-19     9.58005e-20           1.75311e-18           8.32717e-21           1.44816e-30           0.421856              0               
269    2.28917e-09     9.84504e-09           1.84436e-10           1.15095e-15           5.18347e-31           0.10595               0               
270    4.58358e-36     1.29197e-45           1.55848e-37           1.99244e-35           1.66508e-39           1.03705               0               
271    7.07675e-10     2.86326e-09           2.37246e-10           1.56274e-14           1.52834e-27           0.12553               0               
272    2.19757e-09     9.62356e-09           4.6017e-12            2.30301e-19           5.4925e-40            0.0999186             0               
273    1.95066e-43     1.10674e-54           2.79356e-45           8.51838e-43           5.45757e-48           1.03963               0               
274    0.057337        0.057337              0.057337              0.057337              0.057337              1                     0.057337        
275    0.057337        0.057337              0.057337              0.057337              0.057337              1                     0.057337        
276    0.057337        0.057337              0.057337              0.057337              0.057337              1                     0.057337        
277    0.057337        0.057337              0.057337              0.057337              0.057337              1                     0.057337        
278    0.099081        0.099081              0.099081              0.099081              0.099081              1                     0.099081        
279    0.079066        0.079066              0.079066              0.079066              0.079066              1                     0.079066        
280    0.042302        0.042302              0.042302              0.042302              0.042302              1                     0.042302        
281    0.055941        0.055941              0.055941              0.055941              0.055941              1                     0.055941        
282    0.034155        0.034155              0.034155              0.034155              0.034155              1                     0.034155        
283    0.042302        0.042302              0.042302              0.042302              0.042302              1                     0.042302        
284    0.04404         0.04404               0.04404               0.04404               0.04404               1                     0.04404         
285    0.041977        0.041977              0.041977              0.041977              0.041977              1                     0.041977        
286    0.057337        0.057337              0.057337              0.057337              0.057337              1                     0.057337        
287    1.54673e-43     1.83425e-52           3.78836e-44           6.39783e-43           8.02921e-50           1.00777               0               
288    4.66494e-21     6.43006e-21           1.40082e-20           1.42018e-25           6.06398e-41           0.330572              0               
289    3.79191e-15     1.99366e-16           1.54501e-14           9.63918e-16           6.63863e-23           0.46758               0               
290    3.66303e-24     3.7976e-27            1.58019e-23           2.43033e-25           2.34801e-36           0.445597              0               
291    1.03261e-23     3.65205e-26           4.30931e-23           2.112e-24             7.1272e-33            0.464489              0               
292    1.46292e-31     9.50284e-38           1.53562e-31           4.87384e-31           1.17265e-37           0.896627              0               
293    2.14606e-12     7.39389e-12           2.00836e-12           2.33371e-16           4.16196e-29           0.171712              0               
294    9.00416e-36     8.48013e-44           4.51161e-36           3.49381e-35           1.82101e-42           0.972397              0               
295    2.33583e-41     3.30117e-48           7.62931e-41           2.6046e-41            1.16874e-52           0.590512              0               
296    1.00832e-24     4.40293e-25           3.97741e-24           6.06065e-30           1.12712e-51           0.402952              0               
297    1.72514e-29     7.9187e-35            7.50301e-29           5.52889e-31           7.25503e-46           0.44094               0               
298    3.22694e-60     1.05509e-83           2.97486e-66           1.28007e-59           1.33736e-60           1.20825               0               
299    5.41327e-31     8.91628e-35           2.23169e-30           1.39919e-31           1.71726e-41           0.472198              0               
300    4.2985e-38      4.24044e-52           4.43394e-41           1.88034e-37           2.50672e-40           1.0438                0               
301    0.00881984      0.0165274             0.000253311           1.50848e-07           1.11974e-16           0.0455324             0.057337        
302    5.40802e-15     3.64183e-15           1.96737e-14           3.78474e-16           2.63414e-23           0.394419              0               
303    2.48947e-56     1.3206e-72            1.10116e-59           1.09032e-55           2.81086e-59           1.04199               0               
304    2.05568e-65     8.36526e-94           1.41508e-75           1.45889e-67           8.99193e-65           2.80055               0               
305    2.22121e-38     2.81436e-47           6.08454e-39           9.12327e-38           3.0892e-44            1.00377               0               
306    2.50796e-58     7.57425e-81           5.32921e-64           1.08871e-57           1.00963e-59           1.05778               0               
307    8.94171e-75     2.38243e-124          8.24846e-97           3.90517e-83           3.91761e-74           2.80341               0               
308    6.31184e-16     2.33626e-15           4.29125e-16           3.39154e-21           1.27493e-38           0.152016              0               
309    8.61871e-22     9.69447e-25           3.55909e-21           2.1603e-22            1.12867e-31           0.471044              0               
310    4.55923e-54     6.45035e-72           2.45413e-57           1.99728e-53           1.11953e-59           1.04152               0               
311    6.25465e-40     3.00645e-49           3.83264e-40           2.35707e-39           1.67222e-48           0.95697               0               
312    3.57502e-28     1.67608e-31           1.49688e-27           6.92689e-29           3.51515e-39           0.463237              0               
313    1.82542e-15     5.47702e-15           2.52053e-15           1.02972e-19           1.43117e-34           0.205902              0               
314    0.00517128      0.00233968            6.90102e-08           8.27188e-16           6.18481e-37           0.0103029             0.053287        
315    0.00580956      0.00175429            1.49663e-08           5.42215e-17           1.75266e-36           0.00687575            0.062157        
316    5.33322e-06     2.33165e-05           4.98472e-08           1.41816e-13           3.80822e-30           0.100476              0               
317    3.7136e-15      1.31982e-14           3.07181e-15           2.67925e-19           1.91133e-32           0.163352              0               
318    5.00922e-06     2.19382e-05           8.55105e-09           1.81628e-15           1.27659e-33           0.0998888             0               
319    6.25811e-07     2.74148e-06           3.70337e-10           1.09548e-17           2.21211e-38           0.0998031             0               
320    1.95813e-06     8.57839e-06           7.22158e-10           8.7549e-18            1.14766e-39           0.099786              0               
321    3.19503e-25     9.3959e-27            1.38237e-24           8.06199e-27           1.74509e-37           0.437739              0               
322    1.47411e-06     6.4401e-06            1.8366e-08            1.20145e-13           4.18804e-28           0.100715              0               
323    5.20585e-06     2.28061e-05           2.16757e-09           3.18782e-17           5.1085e-39            0.0997896             0               
324    7.96881e-09     3.44442e-08           4.69406e-10           8.75954e-15           1.34744e-28           0.104285              0               
325    0.00794247      0.0046518             3.74328e-07           2.89527e-14           7.23735e-33           0.0133402             0.079066        
326    2.38123e-31     1.34626e-35           1.0412e-30            2.06904e-33           3.80183e-49           0.43771               0               
327    1.32416e-57     1.81661e-79           8.44495e-64           2.13597e-57           3.66552e-57           2.15475               0               
328    5.16632e-51     2.22613e-68           4.86923e-55           2.24489e-50           1.8569e-52            1.05604               0               
329    2.61962e-25     2.56025e-27           1.14387e-24           1.29528e-27           1.81953e-41           0.436446              0               
330    3.27904e-13     7.71861e-17           1.02674e-13           1.137e-12             1.96892e-13           1.23976               0               
331    4.76822e-15     9.50987e-20           2.32676e-16           6.65588e-15           1.40022e-14           2.21572               0               
332    2.28388e-15     4.17691e-20           2.88416e-16           7.36593e-15           2.35191e-15           1.43825               0               
333    1.53473e-14     1.54151e-18           2.71241e-15           4.38097e-14           2.07173e-14           1.55999               0               
334    2.04794e-08     1.06757e-08           5.19329e-08           2.68341e-08           2.83148e-10           0.584876              0               
335    1.41536e-07     8.52176e-08           3.76841e-07           1.57155e-07           8.96877e-10           0.547005              0               
336    4.0512e-18      8.81926e-23           4.81565e-19           1.11547e-17           6.11307e-18           1.63196               0               
337    7.50598e-08     1.50518e-08           1.27726e-07           1.68379e-07           1.77005e-08           0.858307              0               
338    4.77384e-25     5.74096e-38           3.03844e-30           1.53185e-26           2.07623e-24           2.7905                0               
339    0.0114321       0.0253764             0.00136871            9.03929e-06           2.85269e-11           0.0626581             0.061197        
340    1.97802e-21     6.06454e-33           3.06368e-26           6.50206e-23           8.6012e-21            2.79018               0               
341    3.27316e-06     2.34531e-06           8.88638e-06           3.09274e-06           1.61742e-08           0.514603              0               
342    4.55482e-05     6.80077e-05           0.000101753           2.96521e-05           1.46027e-07           0.413391              0               
343    3.77738e-16     5.88116e-21           4.01858e-17           1.12376e-15           4.91022e-16           1.54962               0               
344    1.43921e-16     2.16608e-24           2.9528e-19            5.90494e-17           5.71212e-16           2.63731               0               
345    9.2889e-05      0.000204459           0.000176295           2.61599e-05           5.76883e-08           0.30656               0               
346    8.89664e-07     5.34535e-07           2.36993e-06           9.88469e-07           4.93115e-09           0.546772              0               
347    8.95643e-13     5.08038e-18           1.522e-14             6.18953e-13           3.28988e-12           2.51633               0               
348    0.0192555       0.0458898             0.0104051             0.000773913           6.73001e-07           0.117679              0.071586        
349    0.00889041      0.0210646             0.00229786            4.54085e-05           8.47834e-10           0.0809138             0.040767        
350    0.000396793     7.93827e-05           0.000303187           0.000569016           0.000786874           1.69051               0               
351    0.00027237      3.02364e-05           0.000134854           0.000319119           0.000709121           1.99629               0               
352    1.95092e-44     1.34081e-54           3.18022e-45           8.22951e-44           6.16223e-51           1.01908               0               
353    2.63012e-50     4.86665e-74           4.77478e-58           3.54535e-51           1.11687e-49           2.7492                0               
354    1.08264e-65     1.50315e-98           5.39107e-78           8.39774e-69           4.7425e-65            2.8031                0               
355    2.88915e-63     1.83634e-94           3.1015e-75            1.53922e-66           1.26566e-62           2.80319               0               
356    4.47827e-47     1.62192e-66           6.11099e-54           2.16072e-48           1.94045e-46           2.78401               0               
357    4.49925e-52     7.49708e-78           3.74987e-63           4.56992e-56           1.9712e-51            2.80337               0               
358    1.8189e-40      1.49074e-52           2.47196e-43           6.55628e-40           1.41037e-40           1.35321               0               
359    2.26597e-44     1.9904e-68            9.02304e-55           4.31294e-48           9.92742e-44           2.80333               0               
360    4.34485e-22     9.94913e-28           4.57705e-23           1.61083e-21           2.46997e-22           1.25565               0               
361    2.09905e-34     1.64792e-53           4.87109e-42           8.23624e-37           9.18828e-34           2.80183               0               
362    2.32698e-24     2.26834e-32           2.53311e-26           5.50282e-24           4.66697e-24           1.84659               0               
363    7.38066e-22     5.37387e-32           1.27383e-25           1.13088e-22           3.12046e-21           2.7417                0               
364    2.96853e-19     1.12328e-26           1.38431e-21           2.13741e-19           1.08547e-18           2.51135               0               
365    0.057337        0.057337              0.057337              0.057337              0.057337              1                     0.057337        
366    6.1422e-07      2.59264e-07           1.47913e-06           9.384e-07             1.42788e-08           0.627627              0               
367    6.84488e-11     2.34979e-11           2.15249e-10           6.11035e-11           4.28678e-14           0.533752              0               
368    0.0124383       0.0287996             0.00233403            2.91998e-05           2.72663e-10           0.0719731             0.061197        
369    1.65222e-11     2.08298e-14           8.23314e-12           5.45819e-11           9.5525e-12            1.205                 0               
370    3.12829e-24     8.28202e-35           2.09394e-28           2.22191e-25           1.34835e-23           2.77481               0               
371    4.62702e-13     5.48694e-15           8.81456e-13           1.13845e-12           1.82752e-15           0.77754               0               
372    0.0192555       0.0458898             0.0104051             0.000773913           6.73001e-07           0.117679              0.071586        
373    4.1162e-10      4.56008e-11           8.66844e-10           8.75862e-10           1.51153e-11           0.741705              0               
374    1.30882e-20     2.65177e-27           9.45758e-23           9.63928e-21           4.76092e-20           2.50335               0               
375    1.88965e-19     1.99535e-27           8.67017e-22           2.14114e-19           6.12927e-19           2.34529               0               
376    3.60024e-08     3.39889e-09           7.10599e-08           8.16962e-08           1.58148e-09           0.766378              0               
377    0.0199456       0.0439232             0.0179293             0.00363477            3.86602e-05           0.184265              0.057337        
378    3.50607e-20     7.11429e-30           5.10566e-24           3.2609e-21            1.50344e-19           2.76593               0               
379    1.35123e-16     1.52523e-23           1.60108e-18           1.95135e-16           3.95274e-16           2.21629               0               
380    8.24882e-24     3.7236e-39            1.00438e-30           2.03541e-26           3.612e-23             2.80242               0               
381    1.2446e-19      2.26742e-28           1.19626e-22           4.47526e-20           5.0042e-19            2.6583                0               
382    8.70203e-21     3.10581e-31           7.87312e-25           8.19741e-22           3.73055e-20           2.76548               0               
383    9.42468e-27     3.65848e-44           3.35313e-35           2.28512e-30           4.12899e-26           2.80331               0               
384    6.63592e-26     1.97843e-44           5.13789e-35           7.08827e-30           2.90731e-25           2.80336               0               
385    1.60666e-12     6.98831e-17           5.43399e-14           1.18885e-12           5.79596e-12           2.48756               0               
386    0.000637551     0.000173486           0.000605875           0.000985344           0.00102858            1.50061               0               
387    0.00123432      0.000220852           0.000851845           0.00164992            0.00268526            1.78264               0               
388    0.00330195      0.000828035           0.00290365            0.00483995            0.00589511            1.58417               0               
389    0.069147        0.069147              0.069147              0.069147              0.069147              1                     0.069147        
390    2.95991e-26     9.83651e-41           2.19416e-32           2.79279e-28           1.29403e-25           2.79961               0               
391    6.59578e-27     8.4875e-37            1.40619e-30           8.31864e-28           2.80647e-26           2.75258               0               
392    3.48621e-29     8.0193e-45            1.93263e-36           4.1009e-32            1.527e-28             2.80293               0               
393    3.05441e-17     1.39397e-22           2.50474e-18           8.57392e-17           4.5578e-17            1.63032               0               
394    4.73947e-42     2.13468e-56           5.55332e-45           2.07401e-41           1.92406e-44           1.04307               0               
395    8.3506e-06      3.64688e-05           1.17476e-07           9.76328e-13           6.85287e-27           0.100839              0               
396    8.44871e-46     1.6998e-61            3.60395e-49           3.69868e-45           2.57225e-48           1.04276               0               
397    2.88203e-38     1.33091e-46           4.70385e-38           7.92314e-38           6.25643e-48           0.816189              0               
398    9.79036e-29     1.26254e-35           7.24333e-29           3.56509e-28           1.9861e-34            0.93942               0               
399    5.28317e-16     1.32305e-15           9.91642e-16           8.12237e-21           4.09251e-36           0.244031              0               
400    1.02404e-25     2.6923e-28            4.47907e-25           4.83346e-28           1.106e-40             0.436964              0               
401    0.00884776      0.016642              0.000261106           1.62224e-07           1.36645e-16           0.0457715             0.057337        
402    0.00884776      0.016642              0.000261106           1.62224e-07           1.36645e-16           0.0457715             0.057337        
403    3.87219e-33     4.36908e-42           2.88228e-34           1.66766e-32           2.69943e-37           1.03134               0               
404    1.45598e-10     6.2944e-10            8.46508e-12           2.16267e-17           2.00773e-34           0.104226              0               
405    1.529e-06       6.69875e-06           2.32446e-10           8.6448e-19            9.03718e-41           0.0997693             0               
406    1.529e-06       6.69875e-06           2.32446e-10           8.6448e-19            9.03718e-41           0.0997693             0               
407    3.39843e-06     1.48861e-05           3.32411e-09           2.22788e-16           1.98252e-36           0.0998328             0               
408    1.23988e-05     5.4317e-05            5.33974e-09           9.85498e-17           8.75558e-38           0.0997907             0               
409    2.08451e-44     1.62796e-53           1.41043e-44           7.72238e-44           4.08726e-53           0.94815               0               
410    4.38663e-17     1.6821e-16            2.39801e-17           1.21924e-22           1.53852e-40           0.141776              0               
411    9.78622e-11     3.83178e-10           4.55755e-11           7.66386e-15           3.67905e-26           0.13557               0               
412    0.00184474      0.000105892           0.000760738           0.00231616            0.00489952            2.04032               0               
413    8.07854e-38     6.4169e-44            1.71057e-37           1.82886e-37           3.97674e-46           0.749167              0               
414    3.6356e-15      1.10944e-14           4.83311e-15           1.07334e-18           7.52505e-31           0.202001              0               
415    4.46437e-17     1.90212e-16           5.3842e-18            4.21988e-24           1.0741e-40            0.109028              0               
416    7.2777e-39      2.60893e-49           3.83605e-40           3.1502e-38            3.86952e-44           1.03432               0               
417    2.57513e-65     1.98787e-90           8.22239e-74           1.51975e-66           1.11304e-64           2.77968               0               
418    1.21634e-07     4.16709e-10           2.39505e-08           1.41345e-07           3.67199e-07           2.22763               0               
419    1.25673e-75     2.79243e-112          1.74513e-89           4.35715e-79           5.50565e-75           2.80327               0               
420    6.00285e-51     3.95486e-69           2.82405e-55           2.59744e-50           3.25524e-52           1.0634                0               
421    5.20853e-39     8.27003e-50           2.71962e-41           2.25918e-38           2.00999e-40           1.05639               0               
422    5.43605e-46     4.28638e-60           4.60865e-48           2.37707e-45           8.58298e-51           1.04043               0               
423    0.0646          0.0646                0.0646                0.0646                0.0646                1                     0.0646          
424    0.053052        0.053052              0.053052              0.053052              0.053052              1                     0.053052        
425    0.022355        0.022355              0.022355              0.022355              0.022355              1                     0.022355        
426    1.72802e-46     3.96259e-60           8.43708e-50           6.7685e-46            8.01565e-47           1.22806               0               
427    4.74459e-43     1.17507e-53           3.26346e-44           2.0461e-42            8.94883e-49           1.0321                0               
428    4.67959e-27     3.5931e-34            1.53075e-27           1.89718e-26           4.0216e-32            0.996424              0               
429    3.40641e-17     1.2177e-16            2.74723e-17           1.7075e-21            7.4342e-36            0.161757              0               
430    1.07761e-24     6.38012e-29           4.69589e-24           2.53545e-26           1.50725e-38           0.439759              0               
431    1.13593e-20     1.81804e-21           4.78778e-20           7.22293e-23           9.87855e-35           0.42509               0               
432    6.27417e-66     3.93637e-91           3.65736e-73           7.28246e-66           2.02064e-65           2.33666               0               
433    4.15198e-53     8.50851e-68           9.45091e-56           1.81812e-52           3.48768e-57           1.04132               0               
434    1.41382e-66     3.14218e-104          9.72958e-82           3.29028e-71           6.1943e-66            2.8034                0               
435    3.81384e-27     4.52733e-28           1.62106e-26           4.61609e-29           3.4448e-40            0.429061              0               
436    3.27504e-20     1.25055e-20           1.30979e-19           3.92083e-24           9.97437e-39           0.407181              0               
437    1.25972e-61     4.95381e-91           2.43003e-73           4.86135e-65           5.51868e-61           2.80325               0               
438    1.17203e-63     2.97594e-95           1.07381e-76           5.72012e-68           5.13492e-63           2.80339               0               
439    1.81964e-63     1.10447e-94           7.57528e-76           4.80203e-67           7.97188e-63           2.8033                0               
440    4.54682e-14     6.58014e-22           6.84935e-18           1.30982e-15           1.97892e-13           2.79174               0               
441    1.74751e-13     7.01522e-19           2.21211e-15           9.79583e-14           6.65463e-13           2.57115               0               
442    1.76729e-23     4.11977e-37           3.079e-30             1.95875e-26           7.74104e-23           2.80296               0               
443    1.34006e-22     1.02693e-34           4.63042e-28           1.29232e-24           5.85826e-22           2.79953               0               
444    1.79269e-31     3.18789e-46           1.06496e-36           1.85783e-32           7.6685e-31            2.76173               0               
445    3.03449e-23     5.22988e-24           1.27682e-22           3.81407e-26           3.97662e-40           0.423441              0               
446    1.58334e-68     3.71369e-95           3.22689e-76           1.24253e-68           5.69452e-68           2.48784               0               
447    1.99966e-17     4.12335e-17           4.63766e-17           5.14105e-22           3.98533e-37           0.278025              0               
448    6.74055e-61     4.41769e-83           6.36288e-67           1.51192e-60           1.4413e-60            1.90144               0               
449    1.72923e-24     2.55968e-25           7.31796e-24           2.30264e-27           3.17135e-42           0.425321              0               
450    3.97569e-29     6.82444e-33           1.43999e-28           3.018e-29             1.21352e-37           0.541339              0               
451    1.20858e-58     5.38849e-83           5.70419e-67           6.28472e-60           5.23227e-58           2.7825                0               
452    1.81383e-58     1.40299e-79           4.36306e-64           4.26576e-58           3.68114e-58           1.8577                0               
453    9.71909e-69     3.52192e-100          2.29236e-80           2.20972e-71           4.25599e-68           2.80249               0               
454    0.0109413       0.0254309             0.00215963            2.93324e-05           3.48262e-10           0.0732252             0.053287        
455    2.0864e-21      1.2546e-32            1.52287e-26           2.34756e-23           9.11761e-21           2.79888               0               
456    1.13428e-07     2.67101e-08           2.08052e-07           2.41655e-07           2.05433e-08           0.810488              0               
457    2.57751e-17     2.47244e-22           2.58405e-18           8.0677e-17            2.96666e-17           1.49058               0               
458    3.87204e-21     1.77213e-31           3.54702e-25           3.29422e-22           1.66347e-20           2.76915               0               
459    0.0173731       0.0411676             0.00469426            0.000108381           5.77749e-09           0.0823582             0.079066        
460    2.21421e-05     7.73572e-05           1.93465e-05           3.07174e-07           9.73263e-13           0.169898              0               
461    3.49284e-17     6.83697e-25           4.52868e-20           1.62701e-17           1.36716e-16           2.61539               0               
462    7.28506e-10     1.5568e-12            5.11391e-10           2.47659e-09           2.02249e-10           1.05583               0               
463    2.97258e-38     3.85969e-50           6.20502e-41           1.27781e-37           2.39333e-39           1.07368               0               
464    8.81881e-07     2.91275e-09           1.58487e-07           9.41886e-07           2.76048e-06           2.2748                0               
465    2.17783e-42     7.17216e-56           2.64587e-45           9.49756e-42           4.14895e-44           1.04909               0               
466    2.86333e-25     1.42368e-28           1.18601e-24           6.83469e-26           1.24747e-34           0.469442              0               
467    1.95938e-62     3.61934e-80           1.68894e-66           8.35303e-62           2.31401e-63           1.08908               0               
468    7.11293e-55     1.293e-72             6.46944e-59           3.09188e-54           2.44266e-56           1.05539               0               
469    2.60596e-54     3.51945e-69           8.79686e-57           1.14086e-53           1.15271e-59           1.04113               0               
470    1.75831e-65     5.95347e-99           2.74814e-78           6.07712e-69           7.70305e-65           2.80327               0               
471    3.83191e-57     4.3567e-76            1.23017e-61           1.66617e-56           1.26818e-58           1.0549                0               
472    8.43602e-35     1.81853e-42           1.15992e-35           3.57987e-34           1.96276e-38           1.0227                0               
473    1.51073e-22     2.31344e-24           6.41512e-22           1.80693e-23           1.38613e-31           0.451856              0               
474    5.19266e-06     1.84756e-08           1.02415e-06           6.19152e-06           1.55163e-05           2.21519               0               
475    1.11643e-26     2.52206e-32           2.5319e-27            4.63235e-26           5.84849e-29           1.01238               0               
476    4.63625e-18     7.78133e-24           1.58826e-19           7.21676e-18           1.29371e-17           2.15896               0               
477    0.00183966      0.000349998           0.00135579            0.00258493            0.00376934            1.72284               0               
478    0.0017472       0.000499712           0.00166746            0.00260464            0.00288313            1.51187               0               
479    0.0318423       0.0555476             0.034781              0.0177993             0.00675167            0.41711               0.0646          
480    2.77142e-61     2.16202e-92           5.30933e-73           2.54715e-64           1.21398e-60           2.80304               0               
481    2.29583e-28     6.70532e-33           2.42132e-28           7.63719e-28           1.10227e-32           0.895955              0               
482    3.66853e-07     7.04039e-10           4.08973e-08           3.11671e-07           1.25401e-06           2.40036               0               
483    2.26533e-54     2.35521e-79           1.04615e-64           1.07139e-57           9.92397e-54           2.80322               0               
484    5.84108e-46     4.70999e-67           1.02896e-50           2.55458e-45           4.55323e-48           1.04473               0               
485    1.98249e-53     1.12589e-67           5.20446e-56           8.6805e-53            1.27169e-57           1.04126               0               
486    7.44425e-28     2.94637e-32           3.22652e-27           3.49806e-29           1.09796e-40           0.443001              0               
487    1.3836e-07      4.58101e-07           1.47501e-07           5.91983e-10           5.28494e-18           0.182618              0               
488    2.59083e-31     4.88633e-37           9.26924e-31           2.08191e-31           2.12518e-40           0.547492              0               
489    1.71472e-07     7.50533e-07           7.32467e-10           1.2931e-16            8.23694e-36           0.100086              0               
490    1.00076e-05     4.38439e-05           2.39067e-09           1.91151e-17           1.26177e-38           0.099776              0               
491    0.00896456      0.0171194             0.000295388           2.17384e-07           2.96484e-16           0.0467702             0.057337        
492    0.0082107       0.00582638            9.81678e-07           2.62057e-13           1.12807e-30           0.016169              0.079066        
493    0.00578392      0.00200795            2.35851e-08           7.21034e-17           1.58169e-38           0.00790495            0.061197        
494    0.00527019      0.00277293            1.43963e-07           4.60592e-15           4.42855e-35           0.0119827             0.053287        
495    0.0076597       0.0162076             0.000558951           1.35593e-06           4.10229e-14           0.0554908             0.04404         
496    0.00615242      0.00672108            6.89812e-06           4.25012e-11           4.79183e-25           0.0249853             0.053052        
