Note : P(D|M) is the probability of site D given the model M (i.e., the site likelihood)
P(D|M,rr[x]) is the probability of site D given the model M and the relative rate
of evolution rr[x], where x is the class of rate to be considered.
We have P(D|M) = \sum_x P(x) x P(D|M,rr[x]).


Site   P(D|M)          P(D|M,rr[1]=0.0920)   P(D|M,rr[2]=0.4004)   P(D|M,rr[3]=0.9522)   P(D|M,rr[4]=2.5554)   Posterior mean        P(D|M,rr[0]=0)  
1      0.0117669       0.0134789             1.95725e-05           2.91158e-10           1.80598e-22           0.0265179             0.099081        
2      0.00809335      0.00508642            5.884e-07             9.01023e-14           1.38883e-31           0.0144648             0.079066        
3      4.17242e-44     5.27232e-57           2.18805e-46           1.8271e-43            9.79003e-48           1.04314               0               
4      1.8299e-41      2.13788e-51           6.02592e-42           7.42054e-41           3.11643e-49           0.998332              0               
5      1.3865e-22      2.81087e-25           5.46495e-22           6.11298e-23           4.97268e-31           0.499511              0               
6      0.00874635      0.0160721             0.000231872           1.2853e-07            8.62465e-17           0.0449292             0.057337        
7      4.49637e-15     6.0211e-15            1.36813e-14           1.18131e-17           7.95639e-29           0.335975              0               
8      0.00146443      0.001446              9.47336e-07           1.99439e-12           1.02439e-28           0.0227796             0.012937        
9      0.00197908      0.0039446             9.35709e-05           1.17871e-07           5.17876e-16           0.0505975             0.012066        
10     0.00874635      0.0160721             0.000231872           1.2853e-07            8.62465e-17           0.0449292             0.057337        
11     6.0785e-08      2.66406e-07           1.03363e-10           9.32663e-18           3.65757e-35           0.100993              0               
12     1.24118e-07     5.34718e-07           9.47376e-09           3.11932e-13           3.74061e-26           0.106746              0               
13     3.2419e-05      0.000141741           3.98758e-07           2.82929e-12           1.71485e-26           0.10181               0               
14     2.15599e-17     2.46742e-17           6.98511e-17           3.2169e-21            1.53716e-36           0.350637              0               
15     2.82807e-09     1.23721e-08           2.7457e-11            7.33234e-18           7.27682e-35           0.10161               0               
16     9.05661e-21     7.24927e-21           3.24558e-20           3.33622e-24           1.30469e-38           0.377186              0               
17     3.88509e-21     3.12415e-21           1.39098e-20           4.20259e-26           6.95307e-46           0.376851              0               
18     1.04798e-08     4.58612e-08           8.72171e-11           5.93768e-17           3.56615e-34           0.101504              0               
19     2.05536e-23     6.26359e-27           6.6131e-23            2.39793e-23           9.09226e-31           0.59978               0               
20     1.67302e-14     3.50484e-14           3.82945e-14           1.01932e-17           5.67045e-30           0.277435              0               
21     8.66491e-17     2.09931e-16           1.69974e-16           4.90072e-21           2.69685e-36           0.252086              0               
22     7.10501e-21     7.58745e-23           3.08066e-20           2.69163e-22           5.84794e-33           0.44324               0               
23     2.33723e-49     3.24834e-65           1.64451e-52           1.02447e-48           1.13388e-52           1.04386               0               
24     4.42728e-43     3.225e-53             2.77667e-44           1.91336e-42           6.82735e-49           1.03511               0               
25     6.88614e-29     2.59583e-34           1.13698e-28           1.88222e-28           1.50954e-35           0.81596               0               
26     1.55367e-15     1.05292e-16           5.691e-15             1.0157e-15            3.34773e-21           0.523811              0               
27     7.69781e-42     6.62387e-56           7.71605e-45           3.37091e-41           3.39518e-44           1.0454                0               
28     8.42825e-49     9.71782e-66           1.94788e-52           3.69348e-48           1.66028e-51           1.04452               0               
29     1.65591e-62     1.35809e-86           9.18593e-69           5.79769e-62           1.4626e-62            1.39776               0               
30     4.88935e-35     3.82532e-40           2.07237e-34           7.13391e-36           1.11585e-46           0.458967              0               
31     4.00327e-24     3.35875e-25           1.71222e-23           9.41385e-26           1.89622e-36           0.435613              0               
32     3.51986e-39     7.98478e-46           1.24321e-38           3.00059e-39           2.60406e-49           0.556454              0               
33     2.28716e-10     1.00118e-09           1.61492e-12           1.44169e-19           7.72873e-40           0.101406              0               
34     0.0040836       0.00176571            4.79314e-08           4.99351e-16           1.99572e-37           0.00994808            0.041977        
35     0.00800645      0.00757718            4.60044e-06           1.2851e-11            3.41481e-26           0.0218285             0.071586        
36     2.53693e-12     1.09499e-11           1.73165e-13           2.19859e-19           3.29801e-35           0.106124              0               
37     2.97885e-09     1.30539e-08           6.76223e-12           2.30268e-19           8.19426e-38           0.101037              0               
38     0.00223497      0.00120438            7.10344e-08           2.35678e-15           3.13389e-36           0.0123998             0.022355        
39     0.0040836       0.00176571            4.79314e-08           4.99351e-16           1.99572e-37           0.00994808            0.041977        
40     1.16539e-06     4.62104e-06           4.87037e-07           1.53809e-09           2.37336e-17           0.133361              0               
41     2.51071e-64     2.08795e-86           4.93206e-71           1.15001e-64           9.85811e-64           2.61742               0               
42     0.00651781      0.00199258            2.00675e-08           1.04403e-16           5.84069e-36           0.00703307            0.069147        
43     0.0040836       0.00176571            4.79314e-08           4.99351e-16           1.99572e-37           0.00994808            0.041977        
44     8.29153e-68     5.50073e-99           3.63441e-78           3.02943e-69           3.6051e-67            2.78636               0               
45     5.26953e-50     7.12502e-65           8.91566e-53           2.30945e-49           6.15847e-54           1.04358               0               
46     3.79978e-15     6.48721e-15           1.01666e-14           6.2338e-18            1.09105e-28           0.307459              0               
47     4.02941e-86     3.58292e-142          1.1111e-111           2.27907e-96           1.76668e-85           2.801                 0               
48     0.079066        0.079066              0.079066              0.079066              0.079066              1                     0.079066        
49     0.055941        0.055941              0.055941              0.055941              0.055941              1                     0.055941        
50     0.055941        0.055941              0.055941              0.055941              0.055941              1                     0.055941        
51     0.055941        0.055941              0.055941              0.055941              0.055941              1                     0.055941        
52     0.04404         0.04404               0.04404               0.04404               0.04404               1                     0.04404         
53     0.057337        0.057337              0.057337              0.057337              0.057337              1                     0.057337        
54     0.079066        0.079066              0.079066              0.079066              0.079066              1                     0.079066        
55     0.057337        0.057337              0.057337              0.057337              0.057337              1                     0.057337        
56     0.057337        0.057337              0.057337              0.057337              0.057337              1                     0.057337        
57     0.062157        0.062157              0.062157              0.062157              0.062157              1                     0.062157        
58     0.057337        0.057337              0.057337              0.057337              0.057337              1                     0.057337        
59     0.055941        0.055941              0.055941              0.055941              0.055941              1                     0.055941        
60     0.057337        0.057337              0.057337              0.057337              0.057337              1                     0.057337        
61     0.012937        0.012937              0.012937              0.012937              0.012937              1                     0.012937        
62     0.055941        0.055941              0.055941              0.055941              0.055941              1                     0.055941        
63     0.069147        0.069147              0.069147              0.069147              0.069147              1                     0.069147        
64     7.79827e-63     1.75535e-92           2.84487e-73           7.07203e-65           3.41205e-62           2.79736               0               
65     6.10251e-42     6.30581e-47           2.67132e-41           4.29443e-44           1.87454e-61           0.439806              0               
66     1.19937e-49     9.43819e-68           2.01577e-54           3.90418e-49           1.35438e-49           1.49635               0               
67     4.14584e-44     3.90059e-55           1.08405e-44           1.70932e-43           1.7052e-52            1.00769               0               
68     8.64327e-74     2.41536e-111          7.64245e-88           2.76934e-77           3.78933e-73           2.80087               0               
69     7.7755e-33      1.52079e-37           2.4809e-32            9.28229e-33           4.43553e-41           0.603543              0               
70     4.10525e-35     1.52145e-42           1.36311e-34           4.36827e-35           2.73289e-45           0.585647              0               
71     7.07456e-16     3.45553e-20           1.49608e-16           2.386e-15             5.6617e-16            1.33532               0               
72     1.17044e-68     1.40492e-104          5.86998e-84           5.66625e-74           5.13173e-68           2.801                 0               
73     2.39652e-85     9.48702e-128          1.06867e-102          4.98971e-91           1.05075e-84           2.801                 0               
74     4.98933e-90     1.13859e-145          4.84599e-116          7.78779e-101          2.18755e-89           2.801                 0               
75     0.057337        0.057337              0.057337              0.057337              0.057337              1                     0.057337        
76     0.055941        0.055941              0.055941              0.055941              0.055941              1                     0.055941        
77     0.099081        0.099081              0.099081              0.099081              0.099081              1                     0.099081        
78     0.057337        0.057337              0.057337              0.057337              0.057337              1                     0.057337        
79     0.057337        0.057337              0.057337              0.057337              0.057337              1                     0.057337        
80     0.057337        0.057337              0.057337              0.057337              0.057337              1                     0.057337        
81     0.000946746     0.000125706           0.000520871           0.00113491            0.00236949            1.94238               0               
82     5.09141e-68     2.92587e-110          3.92822e-88           1.12125e-76           2.23231e-67           2.801                 0               
83     4.39993e-47     1.63555e-73           4.65592e-57           1.47091e-49           1.92766e-46           2.79966               0               
84     3.52735e-06     8.56865e-08           1.22135e-06           4.15739e-06           1.00011e-05           2.12712               0               
85     2.90065e-08     2.14664e-11           1.29909e-09           1.13616e-08           1.14496e-07           2.61943               0               
86     6.52752e-55     8.84382e-79           8.99323e-64           6.67255e-57           2.8553e-54            2.7969                0               
87     5.01396e-70     4.8458e-109           2.97954e-87           2.34762e-76           2.19835e-69           2.801                 0               
88     3.73313e-07     1.9e-10               1.52708e-08           1.69854e-07           1.45146e-06           2.59629               0               
89     0.000439582     8.33228e-05           0.000314523           0.000587606           0.000941879           1.76304               0               
90     0.000953185     9.51196e-05           0.000444389           0.00110266            0.00253703            2.02473               0               
91     0.000367499     6.67898e-05           0.0002517             0.000482417           0.00081038            1.79397               0               
92     1.44723e-05     6.33997e-05           5.35984e-08           5.12288e-14           3.57623e-30           0.101147              0               
93     1.91604e-33     2.62677e-38           4.98131e-33           3.41949e-33           3.55699e-41           0.685068              0               
94     7.63163e-29     4.46866e-33           2.59145e-28           7.54562e-29           2.67482e-37           0.575248              0               
95     6.9872e-47      4.54022e-58           9.28298e-48           2.97068e-46           1.8723e-54            1.02544               0               
96     8.66401e-74     5.90514e-109          4.77511e-88           2.92565e-78           3.79867e-73           2.80098               0               
97     2.32908e-29     1.83939e-34           9.96056e-29           2.51195e-30           7.66622e-42           0.453716              0               
98     1.58603e-85     7.68246e-139          1.91115e-109          6.52361e-95           6.9539e-85            2.801                 0               
99     9.25511e-76     3.52146e-125          9.27252e-98           3.58207e-84           4.05787e-75           2.801                 0               
100    5.11898e-28     1.93e-33              2.84444e-28           1.9599e-27            5.06911e-32           0.96714               0               
101    9.9315e-16      2.38757e-15           1.96654e-15           3.25061e-19           5.41246e-32           0.253568              0               
102    1.24987e-09     5.47876e-09           1.2447e-12            4.91329e-20           3.97101e-38           0.100939              0               
103    5.90338e-06     2.5882e-05            1.18558e-09           1.54494e-17           2.29268e-36           0.100877              0               
104    5.05319e-27     4.23874e-30           2.21207e-26           3.05556e-29           1.02854e-41           0.439606              0               
105    2.63258e-09     1.13243e-08           2.18127e-10           1.0028e-14            9.64044e-27           0.10725               0               
106    0.00723883      0.0144571             0.000349052           4.60527e-07           2.59217e-15           0.0507849             0.04404         
107    0.00792014      0.00432729            2.94338e-07           1.82012e-14           2.91248e-33           0.0125725             0.079066        
108    0.00481992      0.00486543            3.77367e-06           1.44219e-11           4.22421e-26           0.0233                0.042302        
109    0.057337        0.057337              0.057337              0.057337              0.057337              1                     0.057337        
110    0.057337        0.057337              0.057337              0.057337              0.057337              1                     0.057337        
111    0.04404         0.04404               0.04404               0.04404               0.04404               1                     0.04404         
112    0.055941        0.055941              0.055941              0.055941              0.055941              1                     0.055941        
113    0.061197        0.061197              0.061197              0.061197              0.061197              1                     0.061197        
114    0.055941        0.055941              0.055941              0.055941              0.055941              1                     0.055941        
115    0.04404         0.04404               0.04404               0.04404               0.04404               1                     0.04404         
116    0.057337        0.057337              0.057337              0.057337              0.057337              1                     0.057337        
117    0.057337        0.057337              0.057337              0.057337              0.057337              1                     0.057337        
118    0.04404         0.04404               0.04404               0.04404               0.04404               1                     0.04404         
119    0.079066        0.079066              0.079066              0.079066              0.079066              1                     0.079066        
120    0.079066        0.079066              0.079066              0.079066              0.079066              1                     0.079066        
121    0.04404         0.04404               0.04404               0.04404               0.04404               1                     0.04404         
122    0.04404         0.04404               0.04404               0.04404               0.04404               1                     0.04404         
123    0.061197        0.061197              0.061197              0.061197              0.061197              1                     0.061197        
124    0.099081        0.099081              0.099081              0.099081              0.099081              1                     0.099081        
125    0.053287        0.053287              0.053287              0.053287              0.053287              1                     0.053287        
126    0.061197        0.061197              0.061197              0.061197              0.061197              1                     0.061197        
127    0.055941        0.055941              0.055941              0.055941              0.055941              1                     0.055941        
128    0.057337        0.057337              0.057337              0.057337              0.057337              1                     0.057337        
129    0.055941        0.055941              0.055941              0.055941              0.055941              1                     0.055941        
130    0.061197        0.061197              0.061197              0.061197              0.061197              1                     0.061197        
131    0.069147        0.069147              0.069147              0.069147              0.069147              1                     0.069147        
132    0.00846688      0.014911              0.000167644           5.99002e-08           1.18378e-17           0.0424965             0.057337        
133    8.74992e-07     3.83514e-06           1.2262e-09            2.06914e-16           1.3109e-34            0.10097               0               
134    4.08509e-28     1.01848e-30           1.7898e-27            2.77534e-31           8.62736e-48           0.438738              0               
135    7.85851e-33     6.28694e-38           2.92142e-32           5.24109e-33           1.27013e-41           0.530853              0               
136    2.6206e-31      6.10303e-37           8.12581e-31           3.36413e-31           5.6263e-41            0.615953              0               
137    0.00800645      0.00757718            4.60044e-06           1.2851e-11            3.41481e-26           0.0218285             0.071586        
138    1.09437e-06     4.79819e-06           2.42713e-11           2.18905e-21           7.57168e-49           0.100864              0               
139    1.41295e-51     9.86832e-64           6.84445e-53           6.12657e-51           8.79248e-59           1.03708               0               
140    9.35433e-67     9.14987e-102          1.18729e-81           6.7328e-72            4.10137e-66           2.801                 0               
141    1.19896e-22     8.93527e-25           5.14795e-22           9.98935e-24           6.96341e-33           0.449757              0               
142    4.52064e-51     1.82673e-68           7.09289e-55           1.98086e-50           1.12872e-53           1.04475               0               
143    2.69572e-61     1.15902e-92           1.58892e-72           1.3719e-63            1.18056e-60           2.79896               0               
144    6.44998e-48     4.99581e-65           1.33715e-51           2.82485e-47           2.99276e-50           1.0456                0               
145    1.22758e-51     6.7572e-69            6.63594e-56           5.01177e-51           3.70421e-52           1.1647                0               
146    3.41011e-35     1.16467e-39           1.47687e-34           1.82646e-36           1.64364e-48           0.446223              0               
147    6.64808e-51     1.91335e-65           3.51683e-53           2.91131e-50           4.5844e-57            1.04304               0               
148    9.94993e-30     9.81372e-34           4.3519e-29            1.05137e-31           5.06861e-45           0.440287              0               
149    1.46713e-07     6.43127e-07           1.29324e-10           4.12759e-18           1.78887e-36           0.10093               0               
150    0.00586374      0.00531014            2.65678e-06           5.11069e-12           3.60393e-27           0.0208779             0.053052        
151    6.07002e-07     2.66116e-06           2.18761e-10           3.23114e-18           1.99188e-39           0.10089               0               
152    0.00512401      0.00197907            3.65962e-08           2.18537e-16           4.46276e-38           0.00888583            0.053287        
153    0.00142436      0.00127071            5.40447e-07           5.2729e-13            3.02342e-30           0.0205608             0.012937        
154    0.00723883      0.0144571             0.000349052           4.60527e-07           2.59217e-15           0.0507849             0.04404         
155    8.94365e-09     2.88567e-08           1.03075e-08           4.89311e-11           4.87645e-19           0.190878              0               
156    0.00651951      0.00200002            2.03973e-08           1.08576e-16           6.51265e-36           0.00705748            0.069147        
157    6.05032e-24     3.20426e-25           2.62064e-23           6.17811e-28           2.43874e-45           0.434768              0               
158    4.98663e-08     2.17704e-07           9.33646e-10           2.72316e-15           8.77769e-31           0.102305              0               
159    0.00651781      0.00199258            2.00675e-08           1.04403e-16           5.84069e-36           0.00703307            0.069147        
160    0.00191635      0.0036929             7.02634e-05           5.97412e-08           8.48549e-17           0.0480078             0.012066        
161    4.72327e-48     4.90548e-58           1.75991e-48           1.89491e-47           3.53363e-57           0.992358              0               
162    3.49662e-38     2.08713e-44           1.35661e-37           1.76467e-38           2.39548e-50           0.508467              0               
163    1.55137e-11     6.79399e-11           7.94029e-14           9.64127e-21           3.37864e-38           0.101257              0               
164    1.04476e-17     1.89485e-18           4.38345e-17           7.7897e-20            3.85431e-31           0.425884              0               
165    8.41506e-46     7.43937e-59           1.06937e-47           3.67886e-45           2.14547e-51           1.04201               0               
166    9.65003e-29     2.06612e-31           4.22525e-28           3.70705e-31           3.79891e-46           0.439201              0               
167    3.80039e-46     1.51778e-59           2.70499e-48           1.66356e-45           7.45263e-51           1.04279               0               
168    1.33523e-56     4.25157e-80           3.62867e-63           1.83681e-56           4.01747e-56           2.24966               0               
169    5.84339e-52     2.1526e-67            4.3455e-55            2.56085e-51           7.24852e-55           1.04416               0               
170    7.51627e-58     3.27235e-88           1.96378e-69           7.16224e-61           3.29477e-57           2.80062               0               
171    6.03295e-56     4.09041e-71           5.72674e-59           2.64451e-55           3.79053e-60           1.04366               0               
172    3.31512e-06     1.45338e-05           1.19825e-09           1.77558e-17           1.09437e-38           0.10089               0               
173    3.87203e-33     2.211e-36             1.69684e-32           6.18414e-36           5.79162e-52           0.439013              0               
174    0.069147        0.069147              0.069147              0.069147              0.069147              1                     0.069147        
175    0.04404         0.04404               0.04404               0.04404               0.04404               1                     0.04404         
176    0.055941        0.055941              0.055941              0.055941              0.055941              1                     0.055941        
177    0.079066        0.079066              0.079066              0.079066              0.079066              1                     0.079066        
178    0.055941        0.055941              0.055941              0.055941              0.055941              1                     0.055941        
179    0.055941        0.055941              0.055941              0.055941              0.055941              1                     0.055941        
180    2.47742e-29     4.57053e-35           1.01712e-28           6.90957e-30           6.4054e-41            0.477317              0               
181    6.15622e-12     2.69323e-11           5.94504e-14           4.78274e-21           4.89202e-39           0.101606              0               
182    0.00223497      0.00120438            7.10344e-08           2.35678e-15           3.13389e-36           0.0123998             0.022355        
183    1.49858e-05     6.26682e-05           3.03387e-06           2.53297e-09           1.28379e-18           0.116504              0               
184    5.51916e-06     2.41784e-05           2.01497e-08           1.87717e-14           1.24321e-30           0.101143              0               
185    1.36868e-35     2.64435e-43           1.70502e-36           5.83014e-35           2.976e-39             1.02667               0               
186    1.66384e-72     2.17528e-103          1.79724e-82           1.08171e-73           7.18686e-72           2.77494               0               
187    0.00223497      0.00120438            7.10344e-08           2.35678e-15           3.13389e-36           0.0123998             0.022355        
188    0.00800645      0.00757718            4.60044e-06           1.2851e-11            3.41481e-26           0.0218285             0.071586        
189    0.00800645      0.00757718            4.60044e-06           1.2851e-11            3.41481e-26           0.0218285             0.071586        
190    3.77823e-15     1.45221e-14           2.04343e-15           2.6569e-21            3.01277e-40           0.142553              0               
191    1.15014e-39     1.2553e-52            4.83759e-41           4.99438e-39           1.75497e-46           1.03796               0               
192    7.64194e-06     3.34949e-05           1.08696e-08           1.85511e-15           1.05584e-33           0.100972              0               
193    0.00512401      0.00197907            3.65962e-08           2.18537e-16           4.46276e-38           0.00888583            0.053287        
194    8.08412e-29     2.43352e-31           3.53263e-28           9.38831e-31           1.612e-43             0.440207              0               
195    0.00567645      0.00136015            4.9086e-09            2.33567e-18           1.11278e-41           0.00551226            0.061197        
196    6.66286e-22     1.56164e-22           2.76284e-21           2.30275e-24           5.09085e-37           0.421246              0               
197    6.0067e-20      1.57091e-19           1.06269e-19           2.20216e-24           8.10207e-40           0.237246              0               
198    4.17777e-68     5.16419e-108          2.94167e-85           4.86962e-74           1.83173e-67           2.801                 0               
199    2.57006e-70     7.23389e-96           1.54174e-78           4.45047e-71           1.08233e-69           2.7316                0               
200    4.50055e-10     1.70982e-09           2.6337e-10            6.18008e-14           1.41881e-25           0.146001              0               
201    8.54559e-34     2.29982e-43           2.2006e-34            3.52672e-33           8.68477e-40           1.00824               0               
202    3.4977e-29      2.18512e-33           1.52561e-28           7.91992e-31           2.52923e-43           0.441956              0               
203    1.42903e-29     2.63476e-33           6.23517e-29           3.00761e-31           4.13301e-43           0.441726              0               
204    7.90621e-18     3.11144e-17           3.54998e-18           1.15011e-22           2.80861e-36           0.135477              0               
205    6.6134e-43      9.18793e-54           6.29823e-44           2.83664e-42           1.07034e-49           1.03063               0               
206    6.93676e-41     1.78745e-51           6.46119e-41           2.39528e-40           1.47144e-52           0.915255              0               
207    1.65816e-80     2.09664e-126          3.65442e-100          1.45089e-87           7.27013e-80           2.801                 0               
208    6.53355e-17     1.50511e-17           2.71096e-16           3.14615e-19           5.67396e-31           0.421743              0               
209    4.52977e-09     1.98297e-08           3.09087e-11           1.49592e-17           3.84531e-35           0.101388              0               
210    1.72156e-49     1.48073e-64           3.26614e-52           7.54479e-49           5.05441e-54           1.04352               0               
211    5.46181e-29     1.13831e-31           2.16037e-28           2.33201e-29           1.53556e-37           0.497585              0               
212    1.08146e-16     4.24405e-16           4.97555e-17           9.9335e-23            6.54963e-39           0.136327              0               
213    6.72385e-39     3.40177e-46           8.99479e-39           2.04857e-38           1.20887e-47           0.859196              0               
214    2.51045e-56     9.25401e-78           1.43542e-61           1.08428e-55           1.64114e-57           1.06997               0               
215    6.6207e-08      2.79629e-07           1.06514e-08           1.15503e-12           1.06957e-24           0.113267              0               
216    4.01792e-20     3.35147e-20           1.42648e-19           1.07275e-24           1.10365e-40           0.374541              0               
217    5.79182e-28     1.01947e-31           2.06219e-27           4.77114e-28           4.9985e-36            0.55248               0               
218    4.48653e-61     3.37033e-79           2.12665e-65           1.93277e-60           3.43169e-62           1.07442               0               
219    4.5228e-10      4.76778e-12           4.41774e-10           1.37526e-09           1.61204e-10           1.04958               0               
220    4.54116e-48     1.55982e-63           2.91348e-52           1.25734e-47           7.33693e-48           1.69129               0               
221    4.81875e-06     1.26639e-06           8.70489e-06           9.64838e-06           1.50797e-06           0.86343               0               
222    3.10242e-08     7.12277e-11           4.68592e-09           3.42133e-08           9.70542e-08           2.27623               0               
223    6.96643e-05     1.76586e-05           0.000127324           0.000141678           1.87802e-05           0.845131              0               
224    0.0318441       0.052278              0.0384059             0.0222141             0.00467737            0.418383              0.057337        
225    0.000414584     0.000461377           0.000862134           0.000469667           2.45525e-05           0.54126               0               
226    0.0216569       0.0471256             0.0198318             0.00439004            7.86757e-05           0.192289              0.061197        
227    1.48316e-28     7.89239e-33           1.48522e-28           5.01746e-28           9.38174e-33           0.905618              0               
228    8.2341e-13      9.35746e-16           3.47767e-13           2.36168e-12           8.99832e-13           1.42323               0               
229    1.10481e-08     9.97831e-10           1.2063e-08            2.59511e-08           9.42788e-09           1.21571               0               
230    9.06504e-58     3.90346e-77           1.83533e-62           3.95311e-57           2.14004e-59           1.05323               0               
231    1.99206e-49     2.42798e-68           5.7562e-54            8.47607e-49           2.57996e-50           1.09567               0               
232    1.48239e-55     6.58906e-78           6.92548e-62           2.04498e-55           4.45452e-55           2.24811               0               
233    3.00828e-39     5.64767e-49           2.306e-40             1.29591e-38           2.58996e-44           1.03319               0               
234    4.97065e-18     6.13089e-19           2.1113e-17            6.75766e-20           9.53062e-31           0.431204              0               
235    3.49723e-46     7.67178e-62           8.70837e-49           1.53248e-45           9.61527e-53           1.04342               0               
236    1.19085e-74     1.54579e-114          1.44904e-90           2.00957e-79           5.22122e-74           2.80099               0               
237    3.60434e-26     1.36412e-28           1.56507e-25           1.38763e-27           1.00604e-38           0.443856              0               
238    2.93256e-10     1.17231e-09           1.13444e-10           1.106e-14             2.25669e-27           0.13069               0               
239    0.000369854     6.7534e-05            0.000254125           0.000486137           0.000813818           1.79158               0               
240    3.53695e-66     9.05065e-93           4.74489e-74           1.86375e-66           1.36439e-65           2.58981               0               
241    0.04404         0.04404               0.04404               0.04404               0.04404               1                     0.04404         
242    7.8661e-74      7.24364e-98           5.30308e-80           3.13082e-73           3.18046e-74           1.20581               0               
243    8.10201e-22     8.19764e-22           2.73237e-21           1.62931e-25           1.3232e-40            0.36087               0               
244    1.78934e-68     4.48535e-92           7.71212e-74           7.83999e-68           5.30463e-71           1.04495               0               
245    2.36539e-21     9.59529e-21           7.75689e-22           4.60735e-28           5.3018e-47            0.126141              0               
246    1.71402e-69     1.8981e-102           6.68921e-82           1.05755e-72           7.51401e-69           2.80075               0               
247    3.75594e-26     1.67249e-29           9.47251e-26           6.99361e-26           7.07514e-32           0.695707              0               
248    2.54515e-05     0.000111199           3.91956e-07           3.81996e-12           3.38144e-26           0.102049              0               
249    1.75467e-16     3.17721e-16           4.51467e-16           1.39364e-19           4.28206e-32           0.299367              0               
250    0.00723883      0.0144571             0.000349052           4.60527e-07           2.59217e-15           0.0507849             0.04404         
251    2.25352e-29     5.26983e-34           6.22225e-29           3.65815e-29           2.81002e-37           0.662805              0               
252    1.62308e-74     8.60049e-103          1.39735e-83           1.0983e-75            7.0065e-74            2.77388               0               
253    4.91447e-51     4.93956e-59           1.61011e-51           1.99372e-50           2.8153e-57            0.998564              0               
254    2.77269e-06     1.20959e-05           6.08435e-08           1.46303e-12           8.59771e-25           0.102554              0               
255    0.057337        0.057337              0.057337              0.057337              0.057337              1                     0.057337        
256    0.061197        0.061197              0.061197              0.061197              0.061197              1                     0.061197        
257    1.28184e-73     2.15536e-115          2.63361e-91           1.18199e-79           5.62018e-73           2.801                 0               
258    8.86026e-56     3.68418e-74           5.21481e-60           3.84558e-55           3.91164e-57           1.06145               0               
259    1.00429e-30     1.17367e-35           4.32415e-30           7.91058e-32           2.78422e-43           0.449703              0               
260    0.00846688      0.014911              0.000167644           5.99002e-08           1.18378e-17           0.0424965             0.057337        
261    3.13326e-36     3.59671e-43           5.36806e-36           8.36959e-36           6.66368e-44           0.807387              0               
262    2.50194e-05     0.000109664           3.22126e-08           4.64755e-15           1.72216e-33           0.100961              0               
263    9.72565e-06     4.26364e-05           5.39899e-09           1.49891e-16           1.87151e-37           0.100905              0               
264    3.1814e-06      1.39478e-05           9.8858e-10            9.53619e-18           6.55057e-40           0.100886              0               
265    3.49385e-06     1.53172e-05           1.43379e-09           2.5587e-17            1.98073e-38           0.100894              0               
266    7.10502e-06     3.11487e-05           2.98897e-09           5.46104e-17           4.1571e-38            0.100894              0               
267    5.30222e-07     2.32473e-06           1.30227e-11           1.43778e-21           7.53761e-49           0.100864              0               
268    2.0047e-19      5.72423e-20           8.18213e-19           3.49562e-21           7.97357e-31           0.419231              0               
269    2.22706e-09     9.60203e-09           1.62415e-10           9.27678e-16           3.96284e-31           0.106484              0               
270    5.91673e-36     4.18796e-45           3.42904e-37           2.5598e-35            7.60437e-40           1.03582               0               
271    6.76233e-10     2.75774e-09           2.0717e-10            1.24528e-14           1.11908e-27           0.124482              0               
272    1.66544e-09     7.29898e-09           3.06976e-12           1.35214e-19           2.88074e-40           0.101004              0               
273    6.25522e-44     2.38528e-55           1.24308e-45           2.73014e-43           9.94618e-49           1.04103               0               
274    0.057337        0.057337              0.057337              0.057337              0.057337              1                     0.057337        
275    0.057337        0.057337              0.057337              0.057337              0.057337              1                     0.057337        
276    0.057337        0.057337              0.057337              0.057337              0.057337              1                     0.057337        
277    0.057337        0.057337              0.057337              0.057337              0.057337              1                     0.057337        
278    0.099081        0.099081              0.099081              0.099081              0.099081              1                     0.099081        
279    0.079066        0.079066              0.079066              0.079066              0.079066              1                     0.079066        
280    0.042302        0.042302              0.042302              0.042302              0.042302              1                     0.042302        
281    0.055941        0.055941              0.055941              0.055941              0.055941              1                     0.055941        
282    0.034155        0.034155              0.034155              0.034155              0.034155              1                     0.034155        
283    0.042302        0.042302              0.042302              0.042302              0.042302              1                     0.042302        
284    0.04404         0.04404               0.04404               0.04404               0.04404               1                     0.04404         
285    0.041977        0.041977              0.041977              0.041977              0.041977              1                     0.041977        
286    0.057337        0.057337              0.057337              0.057337              0.057337              1                     0.057337        
287    1.36549e-42     2.10345e-50           8.58287e-43           5.12867e-42           1.90547e-49           0.957044              0               
288    3.82425e-21     5.94469e-21           1.08225e-20           9.53871e-26           4.08134e-41           0.319014              0               
289    4.18039e-15     2.43332e-16           1.71115e-14           9.73939e-16           5.82624e-23           0.466494              0               
290    2.50083e-25     6.85927e-29           1.06255e-24           3.38573e-26           7.50441e-37           0.457494              0               
291    5.75244e-24     2.4249e-26            2.41784e-23           1.01865e-24           3.14545e-33           0.462944              0               
292    2.59847e-32     2.11321e-39           1.34546e-32           1.00474e-31           6.32561e-38           0.972328              0               
293    1.89712e-12     6.68392e-12           1.63378e-12           1.71984e-16           2.78154e-29           0.167266              0               
294    3.19348e-35     2.97736e-43           1.52167e-35           1.248e-34             7.18886e-42           0.978024              0               
295    9.09633e-43     2.56115e-50           2.25527e-42           1.73298e-42           2.21672e-53           0.701692              0               
296    8.45865e-25     4.43334e-25           3.26533e-24           4.07972e-30           6.0731e-52            0.398435              0               
297    7.03247e-31     8.17397e-37           3.03037e-30           5.29907e-32           2.56265e-46           0.449233              0               
298    7.47601e-61     4.00602e-85           3.40325e-67           2.69552e-60           5.82312e-61           1.35594               0               
299    1.12141e-31     4.53524e-36           4.34268e-31           5.7406e-32            1.40675e-41           0.509462              0               
300    2.54804e-38     3.29662e-52           2.93445e-41           1.11558e-37           1.30805e-40           1.04567               0               
301    0.00875718      0.016117              0.000234382           1.31089e-07           8.66207e-17           0.0450206             0.057337        
302    4.34944e-15     3.08651e-15           1.56971e-14           2.86284e-16           1.79877e-23           0.393216              0               
303    9.8482e-57      1.28526e-73           2.93354e-60           4.31632e-56           1.29117e-59           1.04425               0               
304    3.51192e-68     8.77687e-102          1.66886e-81           4.48168e-72           1.53974e-67           2.80095               0               
305    2.35151e-41     5.79452e-54           2.1096e-43            1.02889e-40           1.28703e-45           1.04255               0               
306    4.6473e-60      8.87331e-84           3.05065e-66           1.95298e-59           8.46062e-61           1.11673               0               
307    1.29398e-74     4.15037e-124          1.08325e-96           4.73426e-83           5.6734e-74            2.801                 0               
308    1.12404e-17     2.87179e-17           2.05649e-17           3.54766e-22           3.54153e-39           0.241899              0               
309    4.18037e-21     2.34992e-23           1.78783e-20           4.26853e-22           9.29974e-32           0.452491              0               
310    7.92593e-55     1.76621e-72           5.0878e-58            3.47458e-54           2.39743e-60           1.04368               0               
311    9.11277e-40     7.3893e-49            6.47172e-40           3.34829e-39           2.17356e-48           0.945782              0               
312    4.16449e-28     2.23874e-31           1.75233e-27           7.33578e-29           3.3965e-39            0.463099              0               
313    4.00091e-15     1.32478e-14           4.2939e-15            1.26772e-19           1.31338e-34           0.183598              0               
314    0.00517527      0.00220384            5.774e-08             6.10457e-16           4.05342e-37           0.00979731            0.053287        
315    0.00582428      0.00163923            1.23338e-08           4.04038e-17           1.3242e-36            0.00647473            0.062157        
316    5.09685e-06     2.23034e-05           4.35674e-08           1.12069e-13           2.49917e-30           0.101521              0               
317    7.19677e-15     2.53561e-14           6.19734e-15           5.90549e-19           4.96286e-32           0.167259              0               
318    4.73785e-06     2.07657e-05           7.26362e-09           1.38461e-15           8.93149e-34           0.10098               0               
319    5.87716e-07     2.57651e-06           3.07389e-10           7.99807e-18           1.43137e-38           0.100902              0               
320    1.85716e-06     8.14205e-06           6.0508e-10            6.43211e-18           7.27849e-40           0.100887              0               
321    1.75076e-27     1.13805e-29           7.54105e-27           1.23731e-28           1.23263e-38           0.448086              0               
322    1.4078e-06      6.1564e-06            1.60368e-08           9.56497e-14           3.01304e-28           0.10174               0               
323    4.88546e-06     2.14183e-05           1.79501e-09           2.31006e-17           3.21955e-39           0.10089               0               
324    7.57456e-09     3.28031e-08           4.07264e-10           6.92906e-15           9.61119e-29           0.105007              0               
325    0.0079399       0.00441388            3.20921e-07           2.23821e-14           5.11637e-33           0.0127925             0.079066        
326    3.36287e-31     2.86597e-35           1.47239e-30           2.02051e-33           4.046e-49             0.439659              0               
327    6.25082e-58     3.45491e-80           4.41414e-64           1.23481e-57           1.50584e-57           2.00927               0               
328    1.08779e-51     7.24137e-69           1.23275e-55           4.72805e-51           4.1222e-53            1.05894               0               
329    4.12697e-25     2.90257e-27           1.80552e-24           1.03861e-27           3.46536e-42           0.438641              0               
330    2.8952e-13      6.04808e-17           8.27917e-14           9.85537e-13           2.01e-13              1.28251               0               
331    4.7178e-15      9.25709e-20           2.20963e-16           6.34677e-15           1.41172e-14           2.23658               0               
332    2.30101e-15     4.20043e-20           2.81967e-16           7.27714e-15           2.52953e-15           1.46745               0               
333    1.53584e-14     1.53013e-18           2.62952e-15           4.28799e-14           2.18276e-14           1.58973               0               
334    2.08872e-08     1.08031e-08           5.26187e-08           2.78383e-08           3.18856e-10           0.591079              0               
335    1.44461e-07     8.63442e-08           3.82517e-07           1.63508e-07           1.01448e-09           0.55271               0               
336    4.08413e-18     8.64712e-23           4.61946e-19           1.09046e-17           6.54011e-18           1.66995               0               
337    7.62878e-08     1.52172e-08           1.28602e-07           1.71591e-07           1.90705e-08           0.868473              0               
338    4.72399e-25     5.6778e-38            2.83814e-30           1.42592e-26           2.05695e-24           2.7889                0               
339    0.011482        0.0254005             0.00140416            9.84671e-06           3.62366e-11           0.0633346             0.061197        
340    1.95655e-21     6.08125e-33           2.92264e-26           6.13959e-23           8.51698e-21           2.78841               0               
341    3.30247e-06     2.35369e-06           8.92401e-06           3.18379e-06           1.80845e-08           0.519861              0               
342    4.61372e-05     6.84366e-05           0.000102939           3.07456e-05           1.65329e-07           0.418369              0               
343    3.75811e-16     5.7876e-21            3.85036e-17           1.08998e-15           5.19238e-16           1.58337               0               
344    1.4749e-16      2.21919e-24           2.90585e-19           5.80068e-17           5.88369e-16           2.64231               0               
345    9.3214e-05      0.000204101           0.000177404           2.71238e-05           6.52194e-08           0.310577              0               
346    8.99149e-07     5.35758e-07           2.38092e-06           1.02002e-06           5.58844e-09           0.552773              0               
347    8.84277e-13     4.95379e-18           1.44605e-14           5.88467e-13           3.27415e-12           2.52547               0               
348    0.0193473       0.0459326             0.01056               0.000811949           7.77935e-07           0.119261              0.071586        
349    0.0089328       0.0210938             0.00234945            4.8853e-05            1.06374e-09           0.0819491             0.040767        
350    0.000395363     7.93952e-05           0.000301773           0.000565903           0.000786382           1.69244               0               
351    0.000270216     3.02417e-05           0.000134093           0.000316421           0.000703995           1.9954                0               
352    2.61825e-46     8.44834e-58           1.26717e-47           1.13529e-45           3.91595e-52           1.03709               0               
353    7.76022e-50     1.69544e-72           7.17192e-57           2.483e-50             3.15414e-49           2.67276               0               
354    3.99278e-67     1.33308e-101          2.085e-80             8.7192e-71            1.75053e-66           2.80091               0               
355    1.01793e-62     5.84754e-92           1.71621e-73           2.57644e-65           4.46049e-62           2.79998               0               
356    5.75788e-48     3.15698e-70           2.99681e-56           6.46555e-50           2.51806e-47           2.7965                0               
357    8.96979e-53     2.43986e-79           3.24013e-64           5.95515e-57           3.93271e-52           2.80097               0               
358    6.47538e-40     1.88236e-52           5.74352e-43           2.24231e-39           5.9622e-40            1.41267               0               
359    5.83692e-45     3.21005e-69           2.31049e-55           1.29423e-48           2.55905e-44           2.80091               0               
360    8.46478e-22     3.62071e-27           1.30361e-22           3.26358e-21           3.1741e-22            1.1728                0               
361    1.64648e-34     1.33038e-53           3.29956e-42           4.99348e-37           7.21393e-34           2.79978               0               
362    2.12073e-24     2.32944e-32           2.37151e-26           4.88539e-24           4.38917e-24           1.87171               0               
363    6.15736e-22     6.88319e-32           1.40824e-25           1.07936e-22           2.59159e-21           2.73062               0               
364    3.04717e-19     1.41667e-26           1.4864e-21            2.07365e-19           1.12717e-18           2.52563               0               
365    0.057337        0.057337              0.057337              0.057337              0.057337              1                     0.057337        
366    6.10553e-07     2.56183e-07           1.45963e-06           9.45548e-07           1.5584e-08            0.633917              0               
367    6.87791e-11     2.33863e-11           2.14794e-10           6.33291e-11           5.00218e-14           0.540056              0               
368    0.0124982       0.0288451             0.0023931             3.16451e-05           3.42852e-10           0.0728602             0.061197        
369    1.71391e-11     2.20088e-14           8.48593e-12           5.62777e-11           1.03601e-11           1.21744               0               
370    2.97844e-24     7.86984e-35           1.89445e-28           2.00467e-25           1.28582e-23           2.77399               0               
371    4.58512e-13     5.35733e-15           8.55249e-13           1.14759e-12           2.13451e-15           0.785766              0               
372    0.0193473       0.0459326             0.01056               0.000811949           7.77935e-07           0.119261              0.071586        
373    4.07376e-10     4.47488e-11           8.47768e-10           8.77055e-10           1.65557e-11           0.749307              0               
374    1.37348e-20     2.78085e-27           9.56309e-23           9.73303e-21           5.03912e-20           2.51323               0               
375    1.92725e-19     1.95969e-27           8.18338e-22           2.03995e-19           6.40183e-19           2.37449               0               
376    3.58439e-08     3.34999e-09           6.98288e-08           8.2229e-08            1.74824e-09           0.774428              0               
377    0.0200414       0.0439478             0.0180914             0.00374518            4.26503e-05           0.186641              0.057337        
378    3.41368e-20     6.91375e-30           4.74144e-24           3.01593e-21           1.46651e-19           2.76551               0               
379    1.37342e-16     1.49965e-23           1.52005e-18           1.87132e-16           4.13519e-16           2.24896               0               
380    7.82061e-24     3.66837e-39           9.2303e-31            1.83887e-26           3.42708e-23           2.80006               0               
381    1.25452e-19     2.23211e-28           1.12809e-22           4.22881e-20           5.07637e-19           2.66541               0               
382    8.49781e-21     3.01454e-31           7.27256e-25           7.54731e-22           3.65029e-20           2.76536               0               
383    8.54782e-27     3.60598e-44           3.05064e-35           2.02187e-30           3.74756e-26           2.8009                0               
384    5.95086e-26     1.94102e-44           4.64534e-35           6.21446e-30           2.60907e-25           2.80096               0               
385    1.58876e-12     6.94311e-17           5.27718e-14           1.15203e-12           5.761e-12             2.49246               0               
386    0.000634465     0.000172738           0.000600967           0.000978552           0.00102953            1.50488               0               
387    0.00122562      0.000220042           0.00084504            0.00163608            0.00267252            1.78396               0               
388    0.00328848      0.000825091           0.00288369            0.00481366            0.00589578            1.58737               0               
389    0.069147        0.069147              0.069147              0.069147              0.069147              1                     0.069147        
390    3.04276e-26     1.4745e-40            2.90011e-32           3.30263e-28           1.33078e-25           2.79665               0               
391    6.46845e-27     9.97155e-37           1.45415e-30           7.97613e-28           2.75616e-26           2.75146               0               
392    2.92887e-29     8.01516e-45           1.64808e-36           3.1474e-32            1.28384e-28           2.80057               0               
393    3.94426e-17     1.88604e-22           3.26243e-18           1.10923e-16           5.87486e-17           1.62931               0               
394    1.70063e-41     1.07869e-54           5.27507e-44           7.44853e-41           2.56413e-44           1.04394               0               
395    7.95257e-06     3.47652e-05           1.02495e-07           7.77561e-13           4.9054e-27            0.101855              0               
396    9.18526e-46     7.35904e-61           6.53736e-49           4.02462e-45           1.97114e-48           1.04453               0               
397    2.14666e-38     1.21595e-46           3.63506e-38           5.77688e-38           5.25644e-48           0.810132              0               
398    7.83673e-29     1.25046e-35           6.25865e-29           2.81012e-28           1.45526e-34           0.933579              0               
399    3.97842e-16     1.04689e-15           6.97423e-16           5.3761e-21            2.70521e-36           0.235995              0               
400    1.68716e-24     6.73144e-27           7.38578e-24           4.78912e-27           4.26782e-40           0.43892               0               
401    0.00878634      0.0162372             0.000242094           1.41624e-07           1.0687e-16            0.0452738             0.057337        
402    0.00878634      0.0162372             0.000242094           1.41624e-07           1.0687e-16            0.0452738             0.057337        
403    5.51244e-34     5.03408e-43           3.3126e-35            2.38367e-33           1.11937e-37           1.03556               0               
404    2.61143e-11     1.12891e-10           1.60552e-12           5.12321e-18           1.13986e-34           0.105601              0               
405    1.41993e-06     6.22544e-06           1.87301e-10           6.05035e-19           5.9815e-41            0.100872              0               
406    1.41993e-06     6.22544e-06           1.87301e-10           6.05035e-19           5.9815e-41            0.100872              0               
407    3.19251e-06     1.39947e-05           2.76529e-09           1.62437e-16           1.24541e-36           0.100929              0               
408    1.16263e-05     5.09706e-05           4.43802e-09           7.24106e-17           5.71896e-38           0.100891              0               
409    1.08186e-44     1.02008e-53           7.6244e-45            3.98092e-44           2.10925e-53           0.946531              0               
410    3.85767e-17     1.50425e-16           1.87133e-17           8.2688e-23            8.33339e-41           0.138256              0               
411    9.21963e-11     3.64627e-10           3.95978e-11           6.14558e-15           2.79591e-26           0.133984              0               
412    0.0017793       0.000100678           0.000713441           0.00219048            0.00479667            2.05672               0               
413    5.76775e-39     3.85434e-45           1.01961e-38           1.50924e-38           1.42256e-46           0.799865              0               
414    3.18229e-15     1.00317e-14           3.92012e-15           7.85411e-19           4.96226e-31           0.195872              0               
415    4.03796e-17     1.72877e-16           4.16611e-18           2.87607e-24           7.30813e-41           0.108815              0               
416    5.26144e-38     2.89168e-48           3.39925e-39           2.27287e-37           1.95344e-43           1.03485               0               
417    4.34208e-66     1.60976e-91           6.11806e-75           1.29329e-67           1.89084e-65           2.78906               0               
418    1.21291e-07     4.02825e-10           2.31241e-08           1.38929e-07           3.69341e-07           2.23717               0               
419    1.44758e-74     2.97335e-111          1.57817e-88           3.96995e-78           6.34645e-74           2.80089               0               
420    5.79119e-52     1.02208e-69           2.85127e-56           2.4859e-51            5.31969e-53           1.08058               0               
421    3.37755e-39     7.04452e-50           1.99268e-41           1.46767e-38           1.12098e-40           1.05625               0               
422    7.76874e-45     1.27771e-57           2.19987e-46           3.38417e-44           3.13001e-50           1.03986               0               
423    0.0646          0.0646                0.0646                0.0646                0.0646                1                     0.0646          
424    0.053052        0.053052              0.053052              0.053052              0.053052              1                     0.053052        
425    0.022355        0.022355              0.022355              0.022355              0.022355              1                     0.022355        
426    2.31557e-48     2.72731e-63           2.74097e-52           6.588e-48             3.56425e-48           1.66066               0               
427    4.78346e-44     6.88044e-55           2.97902e-45           2.0675e-43            1.80566e-49           1.03518               0               
428    1.27749e-27     1.68687e-35           2.40563e-28           5.36052e-27           1.82986e-32           1.01779               0               
429    3.69606e-17     1.35422e-16           2.66293e-17           1.41233e-21           4.73885e-36           0.156408              0               
430    8.78296e-24     6.41668e-28           3.83444e-23           1.63505e-25           4.47255e-38           0.441399              0               
431    3.67354e-23     1.3584e-24            1.59034e-22           6.72619e-25           4.33138e-36           0.438512              0               
432    1.21109e-66     1.42674e-93           6.29369e-75           4.21015e-67           4.88898e-66           2.66167               0               
433    1.96679e-55     2.68803e-71           1.43422e-58           8.62111e-55           7.68133e-59           1.04382               0               
434    1.66011e-67     1.05712e-106          9.90896e-84           8.84132e-73           7.27869e-67           2.801                 0               
435    7.3763e-30      1.48434e-31           3.18583e-29           3.34397e-31           1.35043e-41           0.44354               0               
436    2.63387e-20     1.1941e-20            1.03537e-19           2.64695e-24           6.29931e-39           0.403903              0               
437    9.90421e-62     7.92542e-93           8.51835e-75           6.3977e-66            4.3424e-61            2.80097               0               
438    1.57233e-63     3.59579e-93           1.13348e-75           2.08704e-67           6.89362e-63           2.80095               0               
439    1.37266e-63     3.3696e-94            1.70548e-75           7.74676e-67           6.01761e-63           2.80077               0               
440    4.30951e-14     6.56994e-22           6.58088e-18           1.23787e-15           1.87704e-13           2.7894                0               
441    1.76249e-13     7.01369e-19           2.15422e-15           9.5367e-14            6.75237e-13           2.57755               0               
442    1.59396e-23     3.95432e-37           2.79296e-30           1.74043e-26           6.98692e-23           2.80056               0               
443    1.28055e-22     1.02241e-34           4.37064e-28           1.2036e-24            5.60248e-22           2.79723               0               
444    1.62736e-31     3.63281e-46           1.06781e-36           1.6938e-32            6.96573e-31           2.75928               0               
445    5.13911e-25     2.29844e-26           2.22878e-24           1.45765e-27           2.52438e-41           0.43578               0               
446    3.17708e-69     1.5932e-95            1.03986e-76           3.10302e-69           1.08268e-68           2.40955               0               
447    1.13744e-17     2.6035e-17            2.38356e-17           2.26048e-22           1.95482e-37           0.2624                0               
448    5.50534e-62     2.94292e-85           1.09803e-68           5.48346e-62           1.86545e-61           2.40181               0               
449    1.11934e-24     1.95322e-25           4.71114e-24           1.23376e-27           1.23372e-42           0.425537              0               
450    1.79761e-28     1.59222e-31           7.22557e-28           6.54387e-29           1.29239e-37           0.488994              0               
451    3.6248e-59      3.31531e-81           4.56273e-66           1.01186e-59           1.48809e-58           2.68912               0               
452    6.85605e-58     3.59369e-79           1.22406e-63           1.43298e-57           1.57303e-57           1.96332               0               
453    8.23573e-68     6.41579e-99           3.07935e-79           2.32748e-70           3.6086e-67            2.79987               0               
454    0.0109877       0.0254503             0.00220645            3.15584e-05           4.34134e-10           0.0740668             0.053287        
455    1.98432e-21     1.24243e-32           1.4332e-26            2.17471e-23           8.67842e-21           2.7966                0               
456    1.14764e-07     2.68969e-08           2.08707e-07           2.45518e-07           2.20569e-08           0.819482              0               
457    2.58575e-17     2.47025e-22           2.5102e-18            7.92213e-17           3.16396e-17           1.52078               0               
458    3.80431e-21     1.78075e-31           3.34577e-25           3.08688e-22           1.63708e-20           2.76843               0               
459    0.0174463       0.0411954             0.00478379            0.000115556           6.98745e-09           0.083341              0.079066        
460    2.2362e-05      7.78539e-05           1.9857e-05            3.34615e-07           1.27328e-12           0.172529              0               
461    3.53819e-17     6.54996e-25           4.21251e-20           1.52398e-17           1.39849e-16           2.62773               0               
462    7.34169e-10     1.55786e-12           5.04766e-10           2.49116e-09           2.21457e-10           1.06935               0               
463    2.61363e-38     4.28425e-50           6.02237e-41           1.12651e-37           1.88267e-39           1.07232               0               
464    8.86209e-07     2.92843e-09           1.58492e-07           9.46806e-07           2.77732e-06           2.27442               0               
465    6.18874e-42     6.95999e-56           6.30901e-45           2.70242e-41           1.03768e-43           1.05035               0               
466    1.13069e-25     6.93225e-29           4.72684e-25           2.29941e-26           4.40783e-35           0.466847              0               
467    2.63347e-62     6.8893e-80            2.61174e-66           1.12742e-61           2.71878e-63           1.08513               0               
468    9.40134e-55     5.07224e-72           1.54646e-58           4.11096e-54           1.08682e-56           1.04838               0               
469    1.05235e-53     2.68992e-67           1.13969e-55           4.60261e-53           1.12961e-59           1.04227               0               
470    2.8522e-67      1.55529e-103          1.20409e-81           1.49005e-71           1.25052e-66           2.80098               0               
471    2.47054e-57     4.02773e-77           3.92446e-62           1.06465e-56           1.85443e-58           1.07385               0               
472    1.06919e-34     3.8386e-42            1.95758e-35           4.49199e-34           9.9818e-39            1.01854               0               
473    1.22774e-22     2.11318e-24           5.22794e-22           1.33891e-23           9.27835e-32           0.452556              0               
474    5.41437e-06     2.32687e-08           1.22158e-06           6.83235e-06           1.56619e-05           2.17105               0               
475    3.8423e-26      1.12472e-31           9.90314e-27           1.58401e-25           1.59902e-28           1.00987               0               
476    2.11188e-18     4.6527e-25            2.71022e-20           2.37178e-18           6.86056e-18           2.34397               0               
477    0.0017975       0.000336052           0.0013021             0.00250429            0.00373861            1.73721               0               
478    0.00172257      0.000480762           0.00161463            0.00255907            0.00289807            1.52871               0               
479    0.0324307       0.0558888             0.0357133             0.0186904             0.00706228            0.426182              0.0646          
480    6.87968e-62     3.64804e-93           1.00618e-73           5.76899e-65           3.01579e-61           2.80066               0               
481    2.72724e-30     8.3922e-36            1.30619e-30           1.06507e-29           5.72777e-34           0.97777               0               
482    4.7007e-07      1.50207e-09           7.72306e-08           4.88315e-07           1.49396e-06           2.29417               0               
483    1.58912e-54     2.68281e-79           9.98843e-65           9.0484e-58            6.96654e-54           2.80077               0               
484    4.54399e-46     5.51619e-65           3.31811e-50           1.99007e-45           2.19013e-48           1.04569               0               
485    2.59261e-55     1.15108e-70           2.46717e-58           1.13641e-54           6.30203e-59           1.04373               0               
486    1.31051e-27     6.33918e-32           5.69481e-27           5.09954e-29           1.09754e-40           0.444201              0               
487    1.27226e-07     4.28015e-07           1.29317e-07           4.84153e-10           3.80995e-18           0.180032              0               
488    1.76141e-31     4.39404e-37           6.52427e-31           1.19858e-31           1.1146e-40            0.532721              0               
489    1.62622e-07     7.12405e-07           6.0508e-10            9.19243e-17           4.96293e-36           0.101149              0               
490    9.30504e-06     4.07957e-05           1.91347e-09           1.30845e-17           7.923e-39             0.100878              0               
491    0.00889811      0.0166961             0.000273205           1.88512e-07           2.27441e-16           0.0462427             0.057337        
492    0.00819247      0.00552078            8.3234e-07            1.96467e-13           7.4566e-31            0.0155125             0.079066        
493    0.00579301      0.00187121            1.90311e-08           5.00053e-17           1.00897e-38           0.00743101            0.061197        
494    0.0052676       0.00260857            1.19303e-07           3.30876e-15           2.70768e-35           0.0113943             0.053287        
495    0.00760226      0.0158751             0.000523763           1.20244e-06           3.24916e-14           0.0549713             0.04404         
496    0.00612227      0.00644027            6.05291e-06           3.37964e-11           3.34745e-25           0.0242982             0.053052        
