Note : P(D|M) is the probability of site D given the model M (i.e., the site likelihood)
P(D|M,rr[x]) is the probability of site D given the model M and the relative rate
of evolution rr[x], where x is the class of rate to be considered.
We have P(D|M) = \sum_x P(x) x P(D|M,rr[x]).


Site   P(D|M)          P(D|M,rr[1]=0.1221)   P(D|M,rr[2]=0.4535)   P(D|M,rr[3]=0.9867)   P(D|M,rr[4]=2.4377)   Posterior mean        P(D|M,rr[0]=0)  
1      1.3615e-06      5.94796e-06           2.40969e-08           1.61095e-12           7.44731e-23           0.135343              0               
2      6.2709e-19      3.55957e-19           2.39287e-18           1.83352e-21           5.88681e-31           0.450682              0               
3      0.00803785      0.0128708             0.000231571           4.06438e-07           2.91629e-14           0.0521511             0.057337        
4      7.54922e-06     3.30934e-05           2.03914e-08           5.31928e-14           2.64608e-28           0.1341                0               
5      0.000111478     0.000460045           2.88362e-05           1.03148e-07           1.80541e-14           0.15551               0               
6      1.37601e-18     1.77772e-19           5.68032e-18           1.77643e-19           3.24325e-26           0.503829              0               
7      0.00562069      0.00415091            4.8937e-06            1.65535e-10           3.42633e-21           0.0226386             0.053052        
8      2.72855e-09     1.18857e-08           8.27557e-11           2.93285e-15           8.43961e-26           0.13639               0               
9      0.00216873      0.000875              1.43369e-07           1.58503e-13           2.0212e-28            0.0123215             0.022355        
10     1.28783e-05     5.62754e-05           2.13721e-07           1.28736e-11           4.48827e-22           0.135252              0               
11     7.31755e-26     2.59662e-29           2.71903e-25           4.90472e-26           1.69019e-33           0.586638              0               
12     3.88156e-31     5.43005e-35           1.09782e-30           6.04724e-31           1.58074e-36           0.704977              0               
13     6.69057e-27     1.16406e-35           5.67875e-30           2.14939e-27           2.71924e-26           2.55623               0               
14     6.90131e-26     5.78005e-33           1.77029e-27           1.80888e-25           1.2006e-25            1.70965               0               
15     1.30434e-25     3.05931e-33           1.49075e-27           2.47665e-25           3.22979e-25           1.97873               0               
16     9.42103e-27     7.64777e-34           2.28761e-28           2.26656e-26           1.843e-26             1.78841               0               
17     0.042302        0.042302              0.042302              0.042302              0.042302              1                     0.042302        
18     4.10133e-31     8.19058e-37           2.19778e-31           1.57894e-30           2.81608e-34           1.01082               0               
19     9.16938e-25     7.7053e-28            1.55317e-24           2.4675e-24            6.05913e-28           0.856276              0               
20     2.57476e-10     1.88288e-13           8.60015e-12           7.92145e-11           1.04139e-09           2.54459               0               
21     0.00800478      0.0112531             0.0093131             0.00687175            0.00301194            0.615881              0.012066        
22     0.000127638     3.45297e-05           0.000109935           0.000186081           0.000229326           1.56048               0               
23     6.80942e-05     3.25832e-05           8.64648e-05           0.000110608           6.90317e-05           1.17707               0               
24     3.78162e-08     1.57692e-09           1.63932e-08           4.98631e-08           9.80434e-08           1.9557                0               
25     1.5575e-12      2.23148e-15           6.13217e-13           4.197e-12             2.01936e-12           1.49954               0               
26     2.29932e-14     9.32276e-19           4.05423e-16           8.91988e-15           9.1531e-14            2.52369               0               
27     9.96052e-34     9.52435e-39           9.80012e-34           3.38898e-33           6.79752e-38           0.950873              0               
28     2.05735e-31     1.65264e-37           1.66031e-32           8.07395e-31           7.84357e-32           1.20954               0               
29     5.57379e-29     3.69628e-34           4.50828e-29           1.99398e-28           7.53098e-33           0.974232              0               
30     1.18324e-24     6.9803e-26            5.10967e-24           1.06604e-26           4.47723e-36           0.493639              0               
31     1.20575e-15     3.07295e-15           2.21558e-15           3.83689e-19           5.65327e-30           0.286198              0               
32     3.49425e-12     4.47822e-12           1.0606e-11            2.42968e-13           1.9747e-19            0.400403              0               
33     0.0080063       0.0127409             0.000223013           3.74465e-07           2.38184e-14           0.0517396             0.057337        
34     6.86534e-18     1.72398e-17           1.2871e-17            3.27897e-21           2.90853e-31           0.289321              0               
35     2.97185e-14     2.01124e-19           2.63908e-16           9.26045e-15           1.20833e-13           2.55574               0               
36     4.00869e-06     1.32526e-06           7.214e-06             7.90147e-06           1.14295e-06           0.874095              0               
37     5.73366e-06     8.12887e-06           1.13684e-05           5.36896e-06           2.83812e-07           0.529221              0               
38     3.02716e-05     2.50239e-05           5.30967e-05           4.59202e-05           8.74206e-06           0.77428               0               
39     1.20712e-10     1.27049e-12           8.0069e-11            3.09109e-10           1.39042e-10           1.40915               0               
40     1.09892e-05     4.24608e-06           1.19635e-05           1.70045e-05           1.49889e-05           1.34816               0               
41     0.000273028     9.1317e-05            0.000293995           0.000455808           0.000356486           1.33982               0               
42     1.55332e-61     1.00054e-86           1.49367e-71           1.01786e-64           6.81244e-61           2.67295               0               
43     5.61373e-25     3.43994e-27           2.25987e-24           1.99089e-25           1.12773e-31           0.54409               0               
44     2.6094e-31      1.94365e-39           5.5374e-33            1.03584e-30           1.03206e-31           1.22264               0               
45     3.26184e-24     1.29541e-25           1.32622e-23           9.1594e-25            1.96715e-31           0.531464              0               
46     1.03419e-40     6.97537e-49           4.26685e-42           4.46184e-40           3.18486e-42           1.08767               0               
47     8.58567e-43     1.36175e-57           4.98505e-47           9.41949e-43           2.82401e-42           2.27517               0               
48     0.049787        0.0561609             0.0531059             0.0485856             0.0383784             0.865863              0.057337        
49     2.09733e-06     1.54824e-08           2.35737e-07           1.22192e-06           7.72656e-06           2.40182               0               
50     1.26727e-05     2.72107e-06           9.09232e-06           1.67518e-05           2.70223e-05           1.71347               0               
51     1.69585e-06     2.9161e-08            3.57469e-07           1.41419e-06           5.63785e-06           2.25617               0               
52     1.10493e-06     9.50086e-09           1.40765e-07           6.99523e-07           3.99687e-06           2.37536               0               
53     1.40838e-05     2.4704e-07            3.04586e-06           1.20711e-05           4.6413e-05            2.24484               0               
54     0.000657339     0.000134238           0.000454995           0.000855677           0.00143844            1.7394                0               
55     0.00039132      8.07062e-05           0.000273133           0.000512127           0.000850514           1.73282               0               
56     0.000679        0.000142204           0.000479472           0.000893833           0.00146285            1.72413               0               
57     0.00213677      0.000716687           0.00212541            0.00325122            0.0032794             1.43365               0               
58     0.0253186       0.032555              0.028598              0.0232645             0.0134426             0.717537              0.034155        
59     0.000778507     0.000191724           0.000620754           0.00108628            0.00151607            1.62892               0               
60     0.0335066       0.0490472             0.0392078             0.0274519             0.0106765             0.573632              0.053287        
61     1.31966e-06     5.00367e-08           1.10163e-06           2.82795e-06           1.80892e-06           1.45978               0               
62     9.70859e-12     1.01207e-11           3.09642e-11           1.50071e-12           4.5428e-17            0.431556              0               
63     0.0080063       0.0127409             0.000223013           3.74465e-07           2.38184e-14           0.0517396             0.057337        
64     9.07071e-31     1.31326e-36           8.73455e-31           3.1053e-30            1.30444e-35           0.953649              0               
65     1.84112e-37     6.72011e-42           4.03552e-37           4.04024e-37           5.76733e-42           0.78984               0               
66     2.07243e-07     9.03929e-07           5.11856e-09           1.63212e-13           4.97332e-25           0.135923              0               
67     4.7061e-10      2.05938e-09           4.89439e-12           2.76056e-17           2.59577e-31           0.134738              0               
68     0.00559177      0.000881799           1.28125e-08           8.34374e-16           1.46535e-31           0.00481328            0.061197        
69     0.00560434      0.00407947            4.58806e-06           1.43862e-10           2.42171e-21           0.0223094             0.053052        
70     8.24539e-05     0.000347461           1.41869e-05           2.70814e-08           1.50043e-15           0.148204              0               
71     0.00560434      0.00407947            4.58806e-06           1.43862e-10           2.42171e-21           0.0223094             0.053052        
72     4.98045e-16     1.80371e-15           3.80849e-16           5.72534e-20           2.77041e-30           0.197262              0               
73     2.43398e-25     3.86682e-29           6.80403e-25           3.87198e-25           1.47964e-30           0.709356              0               
74     6.3908e-23      2.02885e-26           1.52521e-22           1.27784e-22           7.61947e-28           0.763822              0               
75     0.00216439      0.000855974           1.32126e-07           1.32699e-13           1.30282e-28           0.0120774             0.022355        
76     1.09256e-21     1.43793e-21           3.35357e-21           8.83418e-25           6.0539e-36            0.388383              0               
77     2.33271e-28     2.7901e-32            8.79407e-28           1.43782e-28           3.44176e-35           0.579473              0               
78     8.76849e-27     9.48925e-28           3.74391e-26           7.40052e-29           2.88217e-38           0.489484              0               
79     0.00560434      0.00407947            4.58806e-06           1.43862e-10           2.42171e-21           0.0223094             0.053052        
80     4.11947e-10     1.78887e-09           1.80951e-11           4.49998e-16           9.04527e-28           0.137517              0               
81     1.63846e-26     6.70367e-29           7.09066e-26           8.95385e-28           5.85556e-36           0.504271              0               
82     4.7054e-13      1.35632e-12           7.05278e-13           2.37021e-15           1.46822e-22           0.259159              0               
83     0.0080063       0.0127409             0.000223013           3.74465e-07           2.38184e-14           0.0517396             0.057337        
84     4.10484e-09     1.781e-08             1.95391e-10           5.4443e-15            9.89772e-27           0.137821              0               
85     8.75233e-09     3.39909e-08           4.39401e-09           6.1834e-12            9.74938e-20           0.175628              0               
86     4.80202e-45     3.58699e-57           1.47612e-47           2.09008e-44           1.48004e-46           1.09277               0               
87     2.38071e-19     7.34064e-20           9.59648e-19           1.12188e-20           7.92939e-28           0.478059              0               
88     6.38183e-08     1.53207e-07           1.21879e-07           4.84604e-09           5.40005e-14           0.308532              0               
89     0.00560434      0.00407947            4.58806e-06           1.43862e-10           2.42171e-21           0.0223094             0.053052        
90     2.00995e-06     8.81556e-06           8.65065e-10           6.52099e-16           8.43597e-29           0.133912              0               
91     0.0080063       0.0127409             0.000223013           3.74465e-07           2.38184e-14           0.0517396             0.057337        
92     1.77005e-19     5.73512e-19           2.02879e-19           2.02015e-23           1.32428e-35           0.228872              0               
93     7.89382e-26     1.70509e-30           8.17563e-26           2.6448e-25            1.59621e-29           0.944014              0               
94     5.29886e-05     0.000230991           1.43725e-06           1.5704e-10            1.11981e-20           0.136125              0               
95     3.37311e-08     1.04905e-07           4.23278e-08           7.24877e-10           1.56068e-15           0.242497              0               
96     4.24045e-06     1.84499e-05           1.50352e-07           2.57168e-11           4.86564e-21           0.136816              0               
97     1.48764e-37     1.07075e-44           7.94721e-38           5.73062e-37           1.32444e-42           1.01079               0               
98     2.99551e-10     1.29e-09              2.3943e-11            4.6687e-15            9.47069e-25           0.140503              0               
99     6.15103e-06     2.38803e-05           3.06935e-06           3.1138e-08            4.84653e-14           0.176317              0               
100    2.20034e-24     1.36488e-27           7.2314e-24            2.41878e-24           1.08088e-30           0.643799              0               
101    3.5458e-09      1.16482e-08           3.85727e-09           4.77899e-11           3.93667e-17           0.226927              0               
102    1.99001e-29     1.65738e-35           1.00337e-29           7.72486e-29           7.20305e-33           1.01492               0               
103    1.35698e-10     2.97026e-10           2.92291e-10           5.90494e-12           9.156e-18             0.321759              0               
104    1.05033e-23     8.34481e-25           4.4899e-23            3.3794e-25            1.02622e-33           0.495031              0               
105    2.14954e-55     6.48501e-77           8.50288e-63           8.97728e-57           9.33893e-55           2.65804               0               
106    0.00559177      0.000881799           1.28125e-08           8.34374e-16           1.46535e-31           0.00481328            0.061197        
107    3.22089e-41     2.88404e-51           5.128e-43             1.39435e-40           1.33256e-42           1.09488               0               
108    6.82112e-39     1.49396e-48           2.77239e-40           2.96278e-38           1.50615e-41           1.07738               0               
109    4.6613e-05      0.000203077           1.38557e-06           1.88684e-10           3.11858e-20           0.136341              0               
110    6.45787e-33     3.21262e-37           1.83896e-32           9.93681e-33           1.88809e-39           0.70242               0               
111    7.39697e-51     1.92997e-71           1.84899e-58           1.36954e-52           3.2309e-50            2.66647               0               
112    3.92506e-17     1.07942e-17           1.59552e-16           1.82187e-18           5.53803e-26           0.480726              0               
113    1.50247e-09     6.51142e-09           7.90029e-11           2.36201e-15           4.59578e-27           0.138234              0               
114    7.67721e-44     3.4045e-55            1.07994e-46           2.04149e-43           1.32495e-43           1.70787               0               
115    2.76919e-46     1.61401e-61           3.6223e-50            7.17603e-46           4.97036e-46           1.73308               0               
116    2.32176e-32     1.0658e-36            3.0267e-32            7.15672e-32           6.00119e-36           0.908317              0               
117    1.70172e-10     7.44337e-10           2.10155e-12           1.53354e-18           2.40228e-35           0.1349                0               
118    9.68139e-63     4.93688e-91           8.45101e-75           5.58702e-67           4.24658e-62           2.67317               0               
119    7.26292e-54     2.85598e-74           2.64412e-61           1.38322e-55           3.17197e-53           2.66628               0               
120    1.42376e-31     2.19566e-36           1.60177e-31           4.64326e-31           1.17485e-35           0.932066              0               
121    1.65829e-18     4.88703e-19           6.24334e-18           5.41881e-19           3.97369e-24           0.516464              0               
122    1.09689e-10     2.3739e-10            2.42333e-10           1.41427e-12           3.67456e-20           0.319721              0               
123    1.89631e-52     3.85701e-68           8.3127e-57            2.24579e-52           6.0721e-52            2.24356               0               
124    5.78302e-38     3.76297e-49           1.4914e-39            2.51968e-37           2.06011e-40           1.07985               0               
125    4.82387e-36     8.05217e-46           4.00933e-38           1.91713e-35           1.94803e-36           1.22738               0               
126    3.54404e-08     1.55267e-07           1.88142e-10           5.08747e-16           3.98434e-30           0.134317              0               
127    5.57334e-37     5.24625e-50           1.35507e-39           2.40708e-36           3.62436e-38           1.10526               0               
128    0.00560434      0.00407947            4.58806e-06           1.43862e-10           2.42171e-21           0.0223094             0.053052        
129    5.04894e-36     5.35063e-42           6.50605e-36           1.56405e-35           5.90242e-41           0.910241              0               
130    1.25879e-07     5.5164e-07            5.14763e-10           1.20269e-15           1.89233e-29           0.134216              0               
131    2.32263e-24     2.14499e-27           8.7894e-24            1.39642e-24           5.93322e-31           0.577388              0               
132    5.00904e-08     2.19358e-07           3.5794e-10            1.04075e-15           1.67665e-28           0.134469              0               
133    2.91562e-23     6.05833e-24           1.19483e-22           2.34954e-24           5.60949e-31           0.49085               0               
134    1.04046e-19     4.34687e-21           4.49852e-19           2.18865e-21           2.85368e-31           0.496668              0               
135    1.4528e-23      8.23127e-27           5.18306e-23           1.18868e-23           2.60549e-30           0.606338              0               
136    0.00687103      0.0126825             0.000437884           2.03544e-06           1.27249e-12           0.063634              0.04404         
137    2.51967e-15     3.59118e-16           1.05594e-14           1.33705e-16           1.04936e-24           0.492589              0               
138    2.07927e-23     9.75279e-26           8.45638e-23           6.54361e-24           1.06632e-30           0.538885              0               
139    1.94626e-15     1.01593e-18           5.99723e-16           5.64298e-15           2.29333e-15           1.46826               0               
140    1.08297e-12     2.10375e-13           2.38164e-12           2.08595e-12           7.2371e-14            0.771117              0               
141    3.10655e-13     7.3065e-17            4.99538e-14           6.41883e-13           6.70744e-13           1.84375               0               
142    1.44193e-17     4.97908e-23           3.9123e-19            1.75066e-17           4.53508e-17           2.2193                0               
143    1.07212e-17     1.04805e-23           1.22887e-19           8.30894e-18           3.85953e-17           2.38637               0               
144    0.000398561     0.000272105           0.000627431           0.00063819            0.000210517           0.916199              0               
145    8.4139e-20      5.04931e-29           3.81264e-24           1.66564e-21           3.67397e-19           2.66599               0               
146    3.30182e-35     2.036e-39             9.32508e-35           5.15777e-35           2.28661e-41           0.705536              0               
147    4.31734e-38     2.25344e-49           7.79393e-41           1.3668e-37            5.26177e-38           1.52387               0               
148    1.84864e-06     1.24992e-07           1.167e-06             2.99258e-06           3.82426e-06           1.73367               0               
149    4.91812e-05     3.12982e-05           7.42286e-05           7.94222e-05           3.07789e-05           0.970288              0               
150    2.82292e-08     6.37609e-10           1.55547e-08           5.19492e-08           5.56827e-08           1.71921               0               
151    0.0224428       0.0382552             0.0261385             0.0142278             0.00280497            0.416621              0.04404         
152    2.043e-07       3.39929e-09           9.25029e-08           3.55293e-07           4.44945e-07           1.8081                0               
153    0.0192647       0.0396852             0.0183738             0.00562938            0.000315448           0.253068              0.053052        
154    3.03665e-43     9.84717e-50           2.22736e-43           1.10925e-42           6.26392e-48           0.984235              0               
155    4.77154e-11     2.00953e-10           8.34296e-12           1.85053e-15           3.1108e-25            0.148373              0               
156    5.32576e-58     2.33563e-86           8.52144e-71           5.17204e-63           2.33608e-57           2.67319               0               
157    4.31292e-65     5.35102e-92           6.33325e-76           8.51179e-69           1.89173e-64           2.67312               0               
158    6.6308e-15      2.86656e-14           4.19724e-16           1.38996e-21           1.6237e-36            0.139122              0               
159    7.46552e-46     4.85244e-57           4.0082e-48            3.21726e-45           5.34024e-47           1.10723               0               
160    2.90093e-55     3.51066e-78           9.92116e-64           2.47339e-57           1.26999e-54           2.6701                0               
161    2.00252e-17     8.11909e-17           6.6471e-18            3.19935e-22           3.00635e-34           0.161384              0               
162    1.13503e-37     1.67994e-49           3.81277e-40           4.58907e-37           3.85806e-38           1.20485               0               
163    1.51526e-34     1.66316e-40           1.43037e-34           5.21611e-34           3.13025e-39           0.956179              0               
164    4.92347e-57     1.39101e-80           6.0165e-66            2.25837e-59           2.15737e-56           2.67153               0               
165    3.88424e-29     6.44645e-36           7.23e-30              1.62901e-28           2.46542e-31           1.05949               0               
166    6.11721e-21     1.00311e-21           2.50574e-20           7.71894e-22           5.04805e-28           0.500558              0               
167    6.96302e-65     8.85875e-94           1.39271e-77           1.08474e-69           3.05424e-64           2.67319               0               
168    9.07959e-38     1.25423e-45           1.5383e-38            3.82871e-37           1.20912e-41           1.05946               0               
169    6.95362e-57     8.35686e-83           1.08368e-67           1.55156e-60           3.04997e-56           2.67311               0               
170    4.10369e-63     3.5744e-98            3.96875e-80           1.04841e-70           1.80004e-62           2.67319               0               
171    6.90266e-44     3.42869e-57           7.6586e-47            2.85966e-43           1.67351e-44           1.1698                0               
172    8.90079e-37     7.19354e-44           1.83095e-37           3.72033e-36           8.04695e-40           1.05491               0               
173    3.14152e-29     6.23243e-33           1.18523e-28           1.92697e-29           7.39987e-36           0.579069              0               
174    1.3754e-07      6.0202e-07            1.28152e-09           8.77565e-15           5.226e-28             0.134649              0               
175    6.13447e-24     2.84907e-27           2.52455e-23           1.65985e-24           5.80495e-32           0.533353              0               
176    0.00653057      0.00368295            1.93074e-06           2.16464e-11           8.12741e-23           0.0172459             0.0646          
177    0.00770048      0.00322634            6.82888e-07           1.85044e-12           3.29612e-25           0.0127977             0.079066        
178    1.1376e-08      4.74412e-08           2.45758e-09           5.82579e-13           4.82364e-23           0.151788              0               
179    0.00501692      0.00141653            9.33816e-08           3.92712e-14           6.9821e-29            0.00861974            0.053287        
180    1.22843e-07     5.36933e-07           1.90481e-09           2.02575e-14           6.65131e-28           0.135162              0               
181    0.00768573      0.00604367            8.84711e-06           4.39927e-10           3.27546e-20           0.0241306             0.071586        
182    2.1255e-32      1.06885e-36           4.12574e-32           5.19738e-32           4.303e-37             0.823264              0               
183    4.47962e-14     1.70616e-13           2.58739e-14           3.77391e-18           2.26456e-28           0.181753              0               
184    5.54863e-07     2.37027e-06           6.35592e-08           1.93512e-11           6.09424e-21           0.143376              0               
185    7.46693e-17     1.81028e-16           1.4648e-16            2.07119e-20           4.21629e-32           0.296481              0               
186    3.11497e-19     4.66545e-20           1.31392e-18           5.76737e-21           4.60843e-29           0.487384              0               
187    0.00806333      0.0129754             0.000238627           4.3375e-07            3.41901e-14           0.0524826             0.057337        
188    1.63206e-08     6.95155e-08           2.07219e-09           9.94446e-13           1.44494e-21           0.14441               0               
189    2.68574e-37     1.56353e-44           3.01044e-38           1.14705e-36           9.20891e-40           1.0683                0               
190    3.65901e-12     1.00999e-11           5.93791e-12           1.19809e-14           3.86274e-23           0.269049              0               
191    1.35e-12        5.1515e-12            7.70034e-13           1.08278e-16           7.5655e-28            0.181156              0               
192    1.06978e-30     1.10673e-38           1.61506e-31           4.53015e-30           8.36456e-34           1.06216               0               
193    2.67599e-28     2.94151e-32           8.29528e-28           3.44234e-28           1.11992e-34           0.668781              0               
194    4.42553e-14     1.0613e-13            8.78952e-14           9.57863e-17           7.30333e-27           0.298909              0               
195    8.52762e-09     3.73102e-08           9.53095e-11           6.28715e-16           1.30523e-29           0.134803              0               
196    4.6577e-19      9.61739e-19           1.08097e-18           3.39474e-22           2.05559e-32           0.326334              0               
197    4.6537e-15      2.0019e-14            3.93924e-16           1.72527e-20           4.92558e-31           0.140891              0               
198    2.25448e-39     1.85268e-48           1.64648e-40           9.70641e-39           1.79757e-41           1.07515               0               
199    4.16961e-37     2.92043e-48           2.74519e-39           1.80856e-36           1.76514e-38           1.09648               0               
200    1.07763e-17     6.37393e-18           4.03391e-17           5.55878e-19           1.19047e-25           0.455192              0               
