Note : P(D|M) is the probability of site D given the model M (i.e., the site likelihood)
P(D|M,rr[x]) is the probability of site D given the model M and the relative rate
of evolution rr[x], where x is the class of rate to be considered.
We have P(D|M) = \sum_x P(x) x P(D|M,rr[x]).


Site   P(D|M)          P(D|M,rr[1]=0.1248)   P(D|M,rr[2]=0.4579)   P(D|M,rr[3]=0.9893)   P(D|M,rr[4]=2.4281)   Posterior mean        P(D|M,rr[0]=0)  
1      1.95684e-06     8.57089e-06           2.8946e-08            1.7029e-12            8.30103e-23           0.138329              0               
2      6.1972e-19      5.2885e-19            2.19334e-18           1.32859e-21           4.95831e-31           0.432275              0               
3      0.00790502      0.0119181             0.000187856           2.85422e-07           1.65806e-14           0.0497616             0.057337        
4      6.67477e-06     2.93206e-05           1.34182e-08           2.5975e-14            1.04986e-28           0.137265              0               
5      0.000114671     0.000478087           2.57838e-05           7.92503e-08           1.1275e-14            0.15597               0               
6      2.848e-19       1.39226e-20           1.15431e-18           8.33926e-20           6.61856e-26           0.53788               0               
7      0.00559561      0.003645              3.49039e-06           9.84318e-11           1.88693e-21           0.0203924             0.053052        
8      2.83709e-09     1.24018e-08           6.65563e-11           2.11463e-15           7.6587e-26            0.139051              0               
9      0.00217657      0.000740515           9.11272e-08           7.49337e-14           7.71742e-29           0.0106182             0.022355        
10     1.19832e-05     5.25038e-05           1.59605e-07           7.96607e-12           2.58643e-22           0.138207              0               
11     9.16209e-26     9.8982e-29            3.48234e-25           5.43186e-26           3.09548e-33           0.581721              0               
12     4.29573e-31     9.69651e-35           1.3277e-30            5.60075e-31           1.57581e-36           0.67624               0               
13     1.97078e-27     9.14479e-36           3.73153e-30           1.08377e-27           7.57362e-27           2.46898               0               
14     1.98712e-26     4.47465e-34           1.90231e-28           3.24427e-26           5.46964e-26           2.07573               0               
15     1.46266e-23     8.82315e-30           8.31683e-25           4.7333e-23            1.61158e-23           1.47566               0               
16     8.16734e-26     9.68182e-32           6.5817e-27            2.74295e-25           7.80586e-26           1.41997               0               
17     0.042302        0.042302              0.042302              0.042302              0.042302              1                     0.042302        
18     3.10654e-32     1.06698e-38           8.54843e-33           1.279e-31             7.68882e-35           1.05122               0               
19     1.50085e-22     1.15669e-24           4.37889e-22           2.20532e-22           1.15764e-26           0.69765               0               
20     2.95359e-10     2.34292e-13           1.02986e-11           9.29753e-11           1.19452e-09           2.53687               0               
21     0.00792393      0.0112102             0.00921281            0.00673931            0.00289824            0.609583              0.012066        
22     0.000130668     3.66611e-05           0.000114699           0.000191588           0.000231309           1.5464                0               
23     6.91232e-05     3.44679e-05           8.9323e-05            0.000112034           6.79555e-05           1.16108               0               
24     4.18824e-08     1.88319e-09           1.89289e-08           5.62148e-08           1.07036e-07           1.93642               0               
25     6.58951e-12     7.46955e-15           2.42627e-12           1.81249e-11           8.40063e-12           1.4963                0               
26     9.39318e-14     2.37609e-18           1.13017e-15           2.86224e-14           3.83053e-13           2.55218               0               
27     3.55154e-31     3.8928e-35            7.35599e-31           8.25173e-31           4.84581e-36           0.81171               0               
28     1.66099e-31     2.20439e-37           1.71839e-32           6.64778e-31           4.80049e-32           1.1771                0               
29     9.26488e-28     2.37121e-33           6.03187e-28           3.46836e-27           1.46851e-31           1.00045               0               
30     1.34171e-25     3.26053e-27           5.84422e-25           1.969e-27             1.89429e-36           0.502977              0               
31     1.44075e-15     4.18245e-15           2.149e-15             3.02853e-19           5.15239e-30           0.261348              0               
32     6.85538e-13     9.90448e-13           1.98235e-12           3.99822e-14           3.07594e-20           0.390492              0               
33     0.0078766       0.0118                0.000181117           2.63773e-07           1.36668e-14           0.0493747             0.057337        
34     8.38118e-18     2.6265e-17            1.05663e-17           2.07264e-21           2.3937e-31            0.242131              0               
35     7.31056e-14     4.07462e-19           5.41712e-16           2.02604e-14           3.00479e-13           2.56439               0               
36     7.18995e-06     2.10843e-06           1.20575e-05           1.46747e-05           2.75746e-06           0.938679              0               
37     6.00053e-06     8.18931e-06           1.17538e-05           6.00556e-06           4.22203e-07           0.557022              0               
38     5.19732e-05     3.91194e-05           8.78354e-05           8.25013e-05           1.89537e-05           0.830882              0               
39     3.08238e-10     2.38552e-12           1.65256e-10           7.5248e-10            4.34511e-10           1.52106               0               
40     1.16689e-05     4.82351e-06           1.31801e-05           1.81583e-05           1.51203e-05           1.3136                0               
41     0.000288302     0.000100998           0.000319608           0.000484654           0.000361758           1.31526               0               
42     5.34218e-61     8.55573e-87           1.78977e-71           1.9506e-64            2.34756e-60           2.6676                0               
43     2.35414e-23     1.94035e-25           9.53923e-23           7.87247e-24           2.83979e-30           0.54679               0               
44     4.28072e-29     5.69351e-36           3.05275e-30           1.81492e-28           3.58238e-30           1.10751               0               
45     2.86551e-24     1.35049e-25           1.16609e-23           7.97267e-25           1.94517e-31           0.536089              0               
46     2.37965e-40     2.47027e-48           1.18694e-41           1.02786e-39           6.07266e-42           1.08944               0               
47     2.60562e-43     8.32395e-59           5.82391e-48           1.68225e-43           9.76877e-43           2.43548               0               
48     0.0496077       0.0561002             0.052947              0.048331              0.0380016             0.863404              0.057337        
49     2.13522e-06     1.6592e-08            2.47026e-07           1.26297e-06           7.8572e-06            2.3935                0               
50     1.22404e-05     2.71775e-06           8.93457e-06           1.62732e-05           2.58679e-05           1.70212               0               
51     1.69044e-06     3.08024e-08           3.67193e-07           1.42835e-06           5.60274e-06           2.2463                0               
52     1.12e-06        1.01739e-08           1.47178e-07           7.20482e-07           4.04432e-06           2.36637               0               
53     1.43259e-05     2.6576e-07            3.18937e-06           1.24391e-05           4.70646e-05           2.23505               0               
54     0.000665663     0.000139967           0.000467451           0.000870732           0.00144728            1.73023               0               
55     0.00040284      8.55524e-05           0.00028527            0.000529758           0.000869804           1.72359               0               
56     0.000698594     0.000150729           0.000500639           0.000924146           0.00149464            1.71465               0               
57     0.00213895      0.000741709           0.00215956            0.00326069            0.00323823            1.42239               0               
58     0.0251945       0.0324878             0.0284455             0.0230614             0.0132458             0.714976              0.034155        
59     0.000800219     0.00020311            0.000647357           0.00112109            0.00154521            1.61916               0               
60     0.0332682       0.0488725             0.0388473             0.0270397             0.0104104             0.570455              0.053287        
61     1.37914e-06     7.70122e-08           1.3792e-06            2.94173e-06           1.66305e-06           1.37572               0               
62     1.04862e-11     1.24054e-11           3.22603e-11           1.41865e-12           4.62654e-17           0.422515              0               
63     0.0078766       0.0118                0.000181117           2.63773e-07           1.36668e-14           0.0493747             0.057337        
64     1.41952e-28     5.16105e-33           3.0864e-28            3.15197e-28           3.0564e-34            0.798031              0               
65     3.69465e-37     1.6375e-41            8.16992e-37           8.06688e-37           1.48963e-41           0.793126              0               
66     2.04987e-07     8.96948e-07           3.92146e-09           1.02592e-13           3.23456e-25           0.138691              0               
67     5.32196e-10     2.33481e-09           4.06464e-12           1.67965e-17           1.25618e-31           0.137734              0               
68     0.0056591       0.000712173           7.48672e-09           3.98661e-16           9.77161e-32           0.00392599            0.061197        
69     0.00558154      0.00358337            3.27891e-06           8.6017e-11            1.35651e-21           0.020095              0.053052        
70     7.8642e-05      0.000333941           1.16528e-05           1.89729e-08           8.61377e-16           0.149488              0               
71     0.00558154      0.00358337            3.27891e-06           8.6017e-11            1.35651e-21           0.020095              0.053052        
72     7.93369e-16     3.01868e-15           4.67934e-16           6.01936e-20           3.09699e-30           0.186227              0               
73     2.08177e-26     3.47103e-31           3.73012e-26           5.41865e-26           6.47883e-31           0.848855              0               
74     7.27654e-23     3.53962e-26           1.94373e-22           1.25378e-22           5.70312e-28           0.731916              0               
75     0.00217297      0.000724691           8.4186e-08            6.3151e-14            5.07421e-29           0.0104083             0.022355        
76     1.04287e-21     1.73689e-21           2.84567e-21           6.15487e-25           5.39539e-36           0.364444              0               
77     1.42774e-28     2.59137e-32           5.52753e-28           7.46787e-29           2.03551e-35           0.572523              0               
78     1.27125e-24     7.18612e-25           4.86531e-24           2.93498e-27           2.69177e-37           0.456287              0               
79     0.00558154      0.00358337            3.27891e-06           8.6017e-11            1.35651e-21           0.020095              0.053052        
80     4.03046e-10     1.75806e-09           1.32263e-11           2.63459e-16           5.72114e-28           0.13983               0               
81     2.01726e-26     1.32926e-28           8.76917e-26           8.29128e-28           6.10441e-36           0.507963              0               
82     8.42111e-11     3.31896e-10           3.81394e-11           5.17823e-14           1.26403e-21           0.174944              0               
83     0.0078766       0.0118                0.000181117           2.63773e-07           1.36668e-14           0.0493747             0.057337        
84     4.55688e-09     1.98641e-08           1.62309e-10           3.58039e-15           6.54536e-27           0.140064              0               
85     9.02523e-09     3.58439e-08           3.81513e-09           4.70186e-12           7.43428e-20           0.17241               0               
86     1.10061e-44     7.98646e-57           4.02384e-47           4.79685e-44           3.60418e-46           1.09818               0               
87     4.02153e-19     5.05775e-20           1.68671e-18           3.00783e-20           2.28451e-27           0.502514              0               
88     6.81012e-08     1.72459e-07           1.22516e-07           4.31283e-09           3.86884e-14           0.300591              0               
89     0.00558154      0.00358337            3.27891e-06           8.6017e-11            1.35651e-21           0.020095              0.053052        
90     1.70345e-06     7.48569e-06           5.56582e-10           3.81142e-16           7.06962e-29           0.137125              0               
91     0.0078766       0.0118                0.000181117           2.63773e-07           1.36668e-14           0.0493747             0.057337        
92     1.98818e-19     6.98378e-19           1.75368e-19           1.31981e-23           8.43538e-36           0.210561              0               
93     4.41201e-24     9.02416e-28           8.84051e-24           1.05481e-23           1.95155e-28           0.820664              0               
94     5.26864e-05     0.000230388           1.1564e-06            1.02893e-10           6.24499e-21           0.138926              0               
95     3.95102e-08     1.27982e-07           4.49848e-08           6.70865e-10           1.17613e-15           0.235576              0               
96     3.93551e-06     1.7181e-05            1.14598e-07           1.64889e-11           2.87306e-21           0.139523              0               
97     9.06151e-36     1.04002e-41           1.27505e-35           2.70726e-35           1.48933e-41           0.899953              0               
98     3.71927e-10     1.60987e-09           2.46555e-11           4.10129e-15           7.79751e-25           0.14262               0               
99     5.92967e-06     2.33815e-05           2.65442e-06           2.3522e-08            2.89386e-14           0.175231              0               
100    2.56178e-24     1.6109e-27            8.46519e-24           2.79161e-24           1.34715e-30           0.647765              0               
101    1.87963e-10     6.41271e-10           1.82837e-10           1.94584e-12           1.26302e-18           0.220334              0               
102    6.96992e-29     1.60019e-35           1.86238e-29           2.87667e-28           2.08161e-32           1.05149               0               
103    1.44924e-10     3.45055e-10           2.86929e-10           4.92241e-12           6.10789e-18           0.309302              0               
104    1.26832e-23     1.3612e-24            5.40436e-23           3.34852e-25           9.97402e-34           0.497622              0               
105    9.55087e-56     2.56871e-76           1.45371e-62           8.23598e-57           4.11502e-55           2.63671               0               
106    0.0056591       0.000712173           7.48672e-09           3.98661e-16           9.77161e-32           0.00392599            0.061197        
107    5.83804e-40     5.54231e-50           9.35216e-42           2.54234e-39           1.39852e-41           1.09337               0               
108    3.0176e-38      3.92008e-47           3.00859e-39           1.29582e-37           2.59189e-41           1.07395               0               
109    4.31339e-05     0.000188517           1.04584e-06           1.18819e-10           1.79135e-20           0.139117              0               
110    9.41674e-33     7.57646e-37           2.87953e-32           1.25882e-32           3.6866e-39            0.680634              0               
111    1.80073e-51     9.34501e-72           6.30052e-59           3.6232e-53            7.87753e-51           2.66049               0               
112    4.38328e-17     1.5097e-17            1.758e-16             1.73786e-18           5.49559e-26           0.479638              0               
113    1.22236e-09     5.3242e-09            4.77721e-11           1.11805e-15           2.22898e-27           0.140352              0               
114    1.26151e-41     1.36809e-51           8.16149e-44           4.90027e-41           6.35593e-42           1.26726               0               
115    5.1206e-47      4.92361e-62           7.56361e-51           1.24438e-46           1.00593e-46           1.79351               0               
116    1.38675e-28     7.92908e-32           3.71527e-28           2.37835e-28           2.69181e-33           0.730853              0               
117    1.788e-10       7.84238e-10           1.54524e-12           8.26443e-19           1.29971e-35           0.137817              0               
118    8.82002e-63     5.21509e-91           1.02047e-74           6.57494e-67           3.87612e-62           2.6677                0               
119    2.96777e-54     5.18619e-74           2.63287e-61           8.61569e-56           1.29565e-53           2.65729               0               
120    1.98268e-31     4.72394e-36           2.55922e-31           6.154e-31             1.48952e-35           0.915428              0               
121    2.17626e-18     7.73852e-19           8.19133e-18           5.98954e-19           3.47952e-24           0.510004              0               
122    1.76471e-10     4.2691e-10            3.47009e-10           1.62699e-12           3.19717e-20           0.302832              0               
123    3.22791e-52     1.57064e-67           2.22443e-56           4.54493e-52           9.64072e-52           2.16122               0               
124    8.44031e-38     1.52425e-48           3.25674e-39           3.67432e-37           2.42467e-40           1.08279               0               
125    4.39536e-36     1.19611e-45           6.25394e-38           1.83005e-35           9.53546e-37           1.16303               0               
126    3.48659e-08     1.53091e-07           1.36055e-10           2.82288e-16           2.09721e-30           0.137422              0               
127    2.91583e-37     4.981e-50             9.10927e-40           1.26343e-36           1.70938e-38           1.10756               0               
128    0.00558154      0.00358337            3.27891e-06           8.6017e-11            1.35651e-21           0.020095              0.053052        
129    3.37564e-36     6.88326e-42           5.26014e-36           9.57497e-36           3.9238e-41            0.879876              0               
130    1.14771e-07     5.0405e-07            3.42918e-10           6.28415e-16           1.07807e-29           0.137346              0               
131    2.12114e-25     7.59385e-29           7.4796e-25            1.84152e-25           1.48108e-31           0.618357              0               
132    2.55016e-08     1.11934e-07           1.39112e-10           3.66853e-16           1.0727e-28            0.137552              0               
133    2.57759e-21     8.93426e-22           1.02728e-20           1.61644e-22           2.07427e-29           0.48252               0               
134    8.50699e-20     5.08368e-21           3.67392e-19           1.38613e-21           1.89037e-31           0.50024               0               
135    2.43266e-21     9.04975e-24           9.97515e-21           7.0675e-22            3.6615e-29            0.541337              0               
136    0.00674759      0.0118998             0.000367481           1.50302e-06           7.48201e-13           0.0613045             0.04404         
137    3.06491e-15     2.0398e-16            1.30873e-14           1.78263e-16           1.11471e-24           0.505236              0               
138    2.93627e-21     7.95858e-23           1.25159e-20           3.0867e-22            1.2799e-29            0.514759              0               
139    9.47799e-13     3.58635e-15           6.00405e-13           2.96901e-12           5.92343e-13           1.22672               0               
140    1.02924e-09     1.35721e-09           2.50296e-09           6.56737e-10           6.35826e-12           0.481056              0               
141    8.83653e-12     2.21348e-14           3.87649e-12           2.32975e-11           1.16383e-11           1.50183               0               
142    3.07071e-16     7.10279e-21           1.69705e-17           4.48131e-16           8.84397e-16           2.11554               0               
143    2.03687e-16     2.59075e-21           7.32274e-18           2.30693e-16           6.57139e-16           2.24261               0               
144    0.000948827     0.000698762           0.00150696            0.00145253            0.000511614           0.91069               0               
145    2.86358e-18     1.58189e-25           2.11773e-21           2.84119e-19           1.22985e-17           2.63167               0               
146    2.2459e-34      2.52714e-38           7.0876e-34            2.78236e-34           1.12497e-40           0.667621              0               
147    1.78824e-36     1.74602e-46           8.64814e-39           6.34451e-36           1.50574e-36           1.38913               0               
148    6.51977e-07     2.8317e-08            2.90578e-07           8.80886e-07           1.6655e-06            1.93719               0               
149    7.24083e-05     3.45647e-05           9.16812e-05           0.000118408           7.35636e-05           1.18096               0               
150    7.54224e-08     8.1934e-10            2.42847e-08           1.09617e-07           1.96743e-07           1.98008               0               
151    0.0255948       0.0396972             0.0301003             0.0193781             0.00592201            0.510695              0.04404         
152    1.1094e-06      8.87181e-08           7.85619e-07           1.90519e-06           2.09604e-06           1.65514               0               
153    0.0225006       0.0428011             0.0242428             0.0099293             0.00096879            0.317943              0.053052        
154    3.95262e-40     7.41782e-46           6.36906e-40           1.10017e-39           8.68172e-46           0.87282               0               
155    5.36713e-11     2.28386e-10           7.48489e-12           1.39245e-15           2.30255e-25           0.148716              0               
156    4.45183e-58     3.05385e-86           1.77431e-70           8.5935e-63            1.95647e-57           2.66772               0               
157    3.59477e-64     1.5827e-90            1.00187e-74           8.9656e-68            1.57972e-63           2.66764               0               
158    8.05462e-15     3.50377e-14           3.6044e-16            8.99496e-22           1.05518e-36           0.140824              0               
159    1.48988e-48     3.73255e-61           2.28096e-51           6.07852e-48           4.66876e-49           1.1994                0               
160    1.55823e-55     2.07781e-78           4.61324e-64           1.07802e-57           6.83727e-55           2.66524               0               
161    2.14172e-17     8.89483e-17           5.17489e-18           1.90832e-22           1.82706e-34           0.15722               0               
162    1.43873e-37     1.23645e-48           9.81062e-40           5.96373e-37           3.49329e-38           1.17332               0               
163    3.58148e-34     9.87061e-40           4.93256e-34           1.08071e-33           5.01198e-39           0.903925              0               
164    7.488e-56       1.74243e-77           1.2407e-63            1.41755e-57           3.27662e-55           2.66092               0               
165    6.69028e-29     1.47141e-35           1.36564e-29           2.7997e-28            3.96046e-31           1.0619                0               
166    4.81977e-21     1.03015e-21           1.96453e-20           5.06302e-22           3.45478e-28           0.499209              0               
167    4.82075e-66     6.35459e-94           2.99501e-78           1.05514e-70           2.11859e-65           2.66772               0               
168    9.79704e-36     2.57659e-42           5.26969e-36           3.77857e-35           2.44627e-40           1.01544               0               
169    4.57236e-56     6.68109e-81           3.37229e-66           2.36978e-59           2.00921e-55           2.66754               0               
170    7.26586e-64     2.68771e-98           1.64633e-80           2.86601e-71           3.19317e-63           2.66773               0               
171    1.5249e-44      1.12536e-57           2.41111e-47           6.52322e-44           1.75941e-45           1.12818               0               
172    3.93684e-37     6.71492e-44           1.13526e-37           1.61639e-36           2.37754e-40           1.04879               0               
173    1.53286e-29     4.54013e-33           5.89315e-29           8.42934e-30           4.85984e-36           0.576081              0               
174    1.27486e-07     5.59385e-07           8.84796e-10           4.73952e-15           2.8364e-28            0.137675              0               
175    4.93345e-24     2.77665e-27           2.02843e-23           1.39423e-24           5.50412e-32           0.540548              0               
176    0.00652792      0.00318573            1.33191e-06           1.25347e-11           4.91452e-23           0.0152473             0.0646          
177    0.00772642      0.00274312            4.49376e-07           9.98764e-13           1.98531e-25           0.0110821             0.079066        
178    1.21262e-08     5.1233e-08            2.05837e-09           3.91636e-13           2.85605e-23           0.151239              0               
179    0.0050546       0.00117804            5.77795e-08           1.91285e-14           3.7462e-29            0.00727188            0.053287        
180    1.24858e-07     5.47236e-07           1.48348e-09           1.21243e-14           3.00796e-28           0.138087              0               
181    0.00764507      0.00533246            6.40864e-06           2.70659e-10           1.9735e-20            0.021855              0.071586        
182    1.03225e-30     4.68376e-34           3.21447e-30           1.32155e-30           3.08219e-36           0.673094              0               
183    5.88212e-14     2.32291e-13           2.62107e-14           3.10343e-18           2.09784e-28           0.174214              0               
184    5.75155e-07     2.47466e-06           5.29909e-08           1.32546e-11           3.72876e-21           0.144775              0               
185    3.6931e-15      1.4109e-14            2.12123e-15           1.03953e-19           9.54958e-32           0.184932              0               
186    3.36324e-19     3.78322e-20           1.43314e-18           7.09232e-21           5.93989e-29           0.496486              0               
187    0.00793084      0.0120253             0.000194117           3.06304e-07           1.96896e-14           0.0501123             0.057337        
188    1.66582e-08     7.14828e-08           1.72547e-09           6.97235e-13           9.50509e-22           0.145732              0               
189    4.81094e-34     2.3201e-39            2.88793e-34           1.82526e-33           2.34962e-37           1.00731               0               
190    4.10152e-12     1.2328e-11            5.6879e-12            9.29965e-15           2.67573e-23           0.253065              0               
191    3.48443e-12     1.39528e-11           1.36028e-12           1.29558e-16           7.03621e-28           0.169613              0               
192    3.2359e-29      7.0806e-36            1.63803e-29           1.25825e-28           4.70394e-33           1.01969               0               
193    7.80265e-28     1.0093e-31            2.33589e-27           1.09308e-27           7.33432e-34           0.689148              0               
194    4.64041e-14     1.25252e-13           7.86173e-14           6.55207e-17           3.4994e-27            0.278478              0               
195    8.0009e-09      3.50959e-08           6.61757e-11           3.24048e-16           5.55573e-30           0.137786              0               
196    9.93225e-20     2.38267e-19           1.98177e-19           5.48194e-23           6.17648e-33           0.303365              0               
197    3.7794e-15      1.63684e-14           2.41145e-16           9.04177e-21           3.19744e-31           0.142411              0               
198    1.23307e-39     1.88581e-49           4.72047e-41           5.3575e-39            1.43235e-41           1.08598               0               
199    1.60583e-36     1.15809e-45           5.05064e-38           6.98136e-36           2.53911e-38           1.08839               0               
200    8.51406e-18     6.9219e-18            3.01712e-17           3.24123e-19           8.98149e-26           0.44041               0               
