Note : P(D|M) is the probability of site D given the model M (i.e., the site likelihood)
P(D|M,rr[x]) is the probability of site D given the model M and the relative rate
of evolution rr[x], where x is the class of rate to be considered.
We have P(D|M) = \sum_x P(x) x P(D|M,rr[x]).


Site   P(D|M)          P(D|M,rr[1]=0.1086)   P(D|M,rr[2]=0.4309)   P(D|M,rr[3]=0.9727)   P(D|M,rr[4]=2.4877)   Posterior mean        P(D|M,rr[0]=0)  
1      0.0131037       0.016558              0.000426619           9.90637e-07           7.76639e-14           0.0378459             0.057337        
2      0.0105919       0.00183523            7.04775e-08           6.64971e-15           1.93032e-31           0.0047067             0.061197        
3      0.00942359      0.0025613             3.63329e-07           2.10802e-13           6.4079e-29            0.00738624            0.053287        
4      0.0131037       0.016558              0.000426619           9.90637e-07           7.76639e-14           0.0378459             0.057337        
5      0.0105919       0.00183523            7.04775e-08           6.64971e-15           1.93032e-31           0.0047067             0.061197        
6      4.39891e-05     0.000211144           4.52983e-08           2.76914e-14           2.80573e-28           0.130478              0               
7      0.0131037       0.016558              0.000426619           9.90637e-07           7.76639e-14           0.0378459             0.057337        
8      0.00942359      0.0025613             3.63329e-07           2.10802e-13           6.4079e-29            0.00738624            0.053287        
9      0.00719308      0.00188085            2.26455e-07           8.79051e-14           5.59465e-30           0.00710527            0.040767        
10     4.45471e-08     2.13269e-07           5.99713e-10           2.35878e-15           5.71124e-30           0.13148               0               
11     3.54602e-07     1.67728e-06           2.51434e-08           8.36676e-12           1.36032e-20           0.136113              0               
12     1.44749e-20     9.16287e-23           6.26088e-20           6.79282e-21           7.94102e-28           0.580244              0               
13     5.73554e-12     2.70401e-11           4.95956e-13           5.20754e-18           1.38413e-30           0.137362              0               
14     3.27232e-36     4.34338e-42           4.52419e-36           1.11861e-35           7.68837e-42           0.98023               0               
15     5.93911e-38     2.61457e-47           1.19265e-39           2.82347e-37           1.5946e-39            1.17496               0               
16     3.99617e-31     1.38858e-37           1.52369e-31           1.76609e-30           7.85522e-35           1.11593               0               
17     3.86408e-51     2.39527e-66           6.79873e-55           1.40097e-50           4.54084e-51           1.61257               0               
18     1.04718e-31     1.83495e-39           2.24802e-33           4.32092e-31           6.84091e-32           1.41202               0               
19     1.25533e-37     3.0172e-50            1.86737e-40           5.66364e-37           3.61277e-38           1.27631               0               
20     1.2621e-52      9.31063e-71           3.73323e-58           4.90306e-53           5.56896e-52           2.83873               0               
21     1.29365e-05     6.144e-05             6.67555e-07           1.01774e-10           5.74349e-21           0.134555              0               
22     1.73943e-51     3.03315e-72           2.61922e-58           2.01939e-52           8.14898e-51           2.9419                0               
23     3.36125e-25     1.9734e-28            1.40225e-24           2.11279e-25           1.52537e-31           0.602283              0               
24     1.2888e-24      3.90437e-25           5.78806e-24           8.99298e-27           3.11798e-36           0.493725              0               
25     4.48998e-22     1.38808e-23           2.12005e-21           2.16943e-23           2.4754e-32            0.52124               0               
26     7.88836e-19     2.19905e-20           3.57006e-18           1.95116e-19           4.4049e-26            0.548445              0               
27     4.05722e-27     6.39534e-31           1.69689e-26           2.50895e-27           1.57136e-35           0.600939              0               
28     5.86792e-08     2.79622e-07           2.09406e-09           4.32859e-14           7.68493e-27           0.133271              0               
29     0.000315863     0.000168175           0.000455427           0.000555361           0.000337483           1.26186               0               
30     2.11119e-06     9.11689e-06           1.01296e-06           5.86448e-09           1.33569e-15           0.169651              0               
31     8.17687e-42     3.04981e-51           1.02812e-42           3.82284e-41           3.2977e-46            1.15049               0               
32     2.91883e-11     1.3792e-10            2.21225e-12           3.32742e-17           5.4009e-31            0.136502              0               
33     1.4017e-39      2.0202e-53            2.29163e-42           6.69948e-39           2.7738e-41            1.17478               0               
34     8.55735e-57     3.20875e-86           9.97347e-69           1.20411e-60           4.10823e-56           2.98581               0               
35     1.28726e-20     1.66884e-22           5.36823e-20           7.9518e-21            1.52782e-26           0.599818              0               
36     1.10809e-14     1.35923e-14           3.93796e-14           2.27018e-16           4.91752e-24           0.421137              0               
37     5.13659e-27     6.11296e-30           2.21619e-26           2.49256e-27           1.28012e-34           0.582822              0               
38     2.00937e-36     6.26123e-47           3.44101e-38           9.60487e-36           7.59923e-39           1.16662               0               
39     0.0071738       0.00178832            1.85442e-07           5.60524e-14           1.784e-30             0.00677344            0.040767        
40     0.042302        0.042302              0.042302              0.042302              0.042302              1                     0.042302        
41     0.061197        0.061197              0.061197              0.061197              0.061197              1                     0.061197        
42     0.057337        0.057337              0.057337              0.057337              0.057337              1                     0.057337        
43     0.061197        0.061197              0.061197              0.061197              0.061197              1                     0.061197        
44     0.062157        0.062157              0.062157              0.062157              0.062157              1                     0.062157        
45     0.062157        0.062157              0.062157              0.062157              0.062157              1                     0.062157        
46     0.061197        0.061197              0.061197              0.061197              0.061197              1                     0.061197        
47     0.0646          0.0646                0.0646                0.0646                0.0646                1                     0.0646          
48     0.062157        0.062157              0.062157              0.062157              0.062157              1                     0.062157        
49     0.069147        0.069147              0.069147              0.069147              0.069147              1                     0.069147        
50     0.099081        0.099081              0.099081              0.099081              0.099081              1                     0.099081        
51     0.053287        0.053287              0.053287              0.053287              0.053287              1                     0.053287        
52     0.055941        0.055941              0.055941              0.055941              0.055941              1                     0.055941        
53     0.034155        0.034155              0.034155              0.034155              0.034155              1                     0.034155        
54     0.069147        0.069147              0.069147              0.069147              0.069147              1                     0.069147        
55     0.061197        0.061197              0.061197              0.061197              0.061197              1                     0.061197        
56     0.053052        0.053052              0.053052              0.053052              0.053052              1                     0.053052        
57     0.040767        0.040767              0.040767              0.040767              0.040767              1                     0.040767        
58     0.053287        0.053287              0.053287              0.053287              0.053287              1                     0.053287        
59     0.055941        0.055941              0.055941              0.055941              0.055941              1                     0.055941        
60     0.071586        0.071586              0.071586              0.071586              0.071586              1                     0.071586        
61     1.77383e-32     2.82834e-39           2.44052e-32           6.07557e-32           2.44544e-38           0.98114               0               
62     2.68746e-39     2.80908e-50           1.48488e-41           1.2623e-38            2.64503e-40           1.20404               0               
63     1.51879e-40     1.76131e-51           1.41399e-42           7.24749e-40           2.99961e-42           1.17373               0               
64     1.71253e-24     4.9797e-27            6.43541e-24           1.78138e-24           1.48089e-30           0.657855              0               
65     5.52867e-45     1.53335e-60           9.87298e-49           2.31543e-44           3.38766e-45           1.39956               0               
66     4.87976e-06     1.96499e-05           3.72538e-06           5.22776e-08           1.13402e-13           0.194216              0               
67     0.040767        0.040767              0.040767              0.040767              0.040767              1                     0.040767        
68     0.069147        0.069147              0.069147              0.069147              0.069147              1                     0.069147        
69     3.53807e-60     1.17335e-83           1.706e-68             6.40418e-62           1.69221e-59           2.97901               0               
70     1.92646e-38     5.59406e-51           1.04937e-40           9.22955e-38           8.78901e-41           1.1685                0               
71     4.39809e-24     3.44054e-26           2.08735e-23           2.07162e-25           2.23678e-34           0.522936              0               
72     4.72292e-29     9.15461e-33           2.01817e-28           2.49193e-29           3.14082e-37           0.588641              0               
73     4.18585e-33     8.00818e-44           7.61201e-35           2.00071e-32           1.28909e-35           1.16621               0               
74     1.99943e-43     6.3483e-63            9.78324e-51           2.73869e-45           9.57178e-43           2.98068               0               
75     3.63802e-47     5.36135e-63           2.95053e-51           1.21596e-46           5.30609e-47           1.71991               0               
76     2.84195e-58     5.65631e-87           8.52936e-70           7.44281e-62           1.36434e-57           2.98577               0               
77     2.30404e-47     9.92352e-61           4.81748e-50           1.08055e-46           2.51265e-48           1.20853               0               
78     1.23618e-52     1.88547e-70           5.01269e-58           6.70052e-53           5.26481e-52           2.78057               0               
79     2.32552e-44     4.98988e-61           2.29015e-49           1.22303e-44           9.94168e-44           2.78667               0               
80     1.9344e-67      7.98151e-103          3.27979e-83           1.439e-73             9.28697e-67           2.98587               0               
81     1.65169e-44     6.43579e-59           2.57134e-48           3.65654e-44           4.27291e-44           2.14731               0               
82     1.29261e-17     2.61168e-18           5.77404e-17           1.70548e-18           3.83522e-25           0.518781              0               
83     2.18034e-32     1.74589e-41           1.04251e-33           1.03598e-31           3.67893e-35           1.16167               0               
84     2.33388e-46     1.95097e-59           2.84574e-49           1.0267e-45            9.35015e-47           1.31908               0               
85     1.99783e-50     4.66323e-66           5.61115e-55           1.40248e-50           8.18896e-50           2.71997               0               
86     1.77457e-32     6.4459e-41            1.90573e-33           8.32749e-32           1.55884e-35           1.15329               0               
87     1.73205e-64     4.41593e-98           2.23886e-78           3.14939e-69           8.31546e-64           2.98586               0               
88     3.23915e-50     5.53011e-67           2.61379e-55           1.34375e-50           1.42073e-49           2.82874               0               
89     3.27362e-54     3.19804e-75           6.41066e-62           5.2882e-56            1.56636e-53           2.97975               0               
90     7.98293e-55     4.44735e-81           7.70956e-66           1.53875e-58           3.83242e-54           2.98579               0               
91     1.80893e-70     1.63932e-105          3.90815e-86           1.51835e-76           8.6846e-70            2.98587               0               
92     1.13194e-65     3.08131e-99           3.07304e-80           5.53238e-71           5.4344e-65            2.98587               0               
93     2.11249e-40     9.43364e-61           7.44038e-50           3.50893e-44           1.01416e-39           2.9858                0               
94     8.84096e-15     1.63017e-17           7.47703e-15           3.25031e-14           2.44864e-15           1.15745               0               
95     2.36057e-41     3.71356e-67           3.01228e-53           3.69718e-46           1.13329e-40           2.98586               0               
96     3.00271e-16     2.31875e-19           1.48744e-16           9.37789e-16           3.54821e-16           1.5478                0               
97     0.00525242      0.00448284            0.00836959            0.00720835            0.00515587            1.13908               0               
98     0.00133376      0.00026615            0.000929651           0.0018291             0.00337841            1.98936               0               
99     0.022951        0.022951              0.022951              0.022951              0.022951              1                     0.022951        
100    5.04113e-14     3.46405e-14           1.84324e-13           2.30575e-14           7.12401e-19           0.523788              0               
101    2.0507e-57      1.13518e-75           5.79787e-63           8.15039e-58           9.03025e-57           2.83533               0               
102    1.01305e-43     8.6539e-61            1.093e-47             4.13065e-43           7.32844e-44           1.44148               0               
103    7.28416e-49     1.36458e-66           4.25674e-54           3.42848e-49           3.15424e-48           2.8076                0               
104    6.58099e-69     5.63162e-105          6.04723e-84           3.77147e-74           3.1595e-68            2.98587               0               
105    0.0129356       0.0158217             0.000356249           6.59846e-07           2.75886e-14           0.0361995             0.057337        
106    2.23944e-69     3.01288e-100          1.63967e-82           4.96496e-74           1.07514e-68           2.98586               0               
107    4.23183e-49     9.63617e-72           8.9597e-57            2.14339e-50           2.01025e-48           2.96668               0               
108    2.12144e-07     7.60312e-07           2.55957e-07           2.22758e-09           5.00097e-16           0.229868              0               
109    7.47882e-41     1.00495e-51           1.63517e-42           3.57393e-40           2.70979e-44           1.16468               0               
110    2.91844e-58     1.25613e-75           2.17406e-62           1.18804e-57           2.13066e-58           1.44401               0               
111    5.47243e-35     7.77545e-41           4.66703e-35           2.16057e-34           1.53431e-39           1.052                 0               
112    1.85807e-24     1.44237e-25           8.74659e-24           2.96629e-26           4.46665e-36           0.513095              0               
113    2.07114e-10     9.76179e-10           1.81636e-11           4.24389e-16           5.94076e-29           0.137461              0               
114    1.54585e-62     2.80604e-83           6.74607e-69           4.95354e-63           6.92622e-62           2.8645                0               
115    4.87497e-48     2.33882e-63           8.48258e-52           2.10736e-47           2.33002e-48           1.34851               0               
116    3.36351e-65     7.97873e-100          3.31229e-81           7.42858e-72           1.61481e-64           2.98587               0               
117    4.22689e-44     4.92823e-62           1.3489e-49            2.23938e-44           1.80537e-43           2.78521               0               
118    4.73546e-33     3.50822e-36           2.14676e-32           1.26364e-33           3.33633e-42           0.553273              0               
119    6.02831e-43     8.82821e-56           1.21701e-45           2.86378e-42           2.91641e-44           1.18556               0               
120    2.6819e-35      5.51541e-42           2.91854e-35           9.95715e-35           3.83194e-41           1.0201                0               
121    4.24452e-13     1.99959e-12           3.8187e-14            4.21828e-19           8.10816e-32           0.137644              0               
122    3.16724e-09     1.51161e-08           8.96883e-11           5.13638e-16           3.34964e-29           0.132677              0               
123    0.00936059      0.00225902            2.20974e-07           6.88273e-14           3.74876e-30           0.00655723            0.053287        
124    5.38896e-05     0.000238389           2.02529e-05           8.0112e-08            8.17406e-15           0.160995              0               
125    4.50252e-13     1.84784e-12           3.13797e-13           7.57655e-18           1.94297e-30           0.186548              0               
126    2.69785e-11     1.28956e-10           5.66512e-13           2.72023e-18           2.44705e-31           0.132087              0               
127    0.0129148       0.01573               0.000348127           6.26388e-07           2.41554e-14           0.0359965             0.057337        
128    2.48949e-14     8.8654e-14            3.08515e-14           1.36259e-17           4.72013e-29           0.230356              0               
129    0.0142045       0.0048651             1.44125e-06           2.8947e-12            2.34615e-26           0.00931348            0.079066        
130    0.0129148       0.01573               0.000348127           6.26388e-07           2.41554e-14           0.0359965             0.057337        
131    0.0192599       0.0130682             3.79159e-05           3.59837e-09           6.8719e-19            0.018641              0.099081        
132    5.46024e-36     4.01786e-43           2.05004e-36           2.4164e-35            3.4767e-40            1.11667               0               
133    0.0106275       0.0151068             0.000637941           3.21828e-06           1.53136e-12           0.0451482             0.04404         
134    0.00936059      0.00225902            2.20974e-07           6.88273e-14           3.74876e-30           0.00655723            0.053287        
135    2.65499e-26     8.91497e-29           1.25239e-25           2.13672e-27           3.23533e-36           0.527817              0               
136    5.87285e-21     9.6027e-22            2.69929e-20           2.42072e-22           5.21706e-31           0.509596              0               
137    1.17658e-05     5.64212e-05           6.60933e-08           2.97999e-13           6.04683e-27           0.130848              0               
138    1.06599e-28     7.24453e-30           5.03818e-28           7.13886e-31           4.89731e-41           0.512618              0               
139    1.03362e-32     1.58472e-39           3.76139e-33           4.58608e-32           1.32143e-36           1.11826               0               
140    1.5718e-20      6.32145e-21           6.89714e-20           1.68499e-22           3.26831e-32           0.486237              0               
141    1.9023e-25      2.07804e-28           3.39426e-25           5.7354e-25            1.13535e-28           0.925803              0               
142    4.92929e-07     2.33516e-06           3.1365e-08            1.83342e-12           7.19667e-24           0.135523              0               
143    1.07652e-17     6.53197e-18           4.49395e-17           2.11603e-19           3.6741e-28            0.470964              0               
144    9.61952e-08     4.61439e-07           3.8985e-10            5.96836e-16           1.56268e-29           0.130722              0               
145    2.13508e-14     9.01535e-14           1.2349e-14            1.71466e-18           6.02825e-30           0.177011              0               
146    0.0193484       0.0134885             4.28864e-05           4.71013e-09           1.28679e-18           0.0191733             0.099081        
147    2.16342e-06     1.03734e-05           1.30761e-08           6.63606e-14           1.81176e-27           0.130882              0               
148    1.26185e-07     6.05382e-07           4.27352e-10           6.80873e-16           3.52804e-31           0.130668              0               
149    5.91577e-06     2.8321e-05            8.03854e-08           1.58393e-12           1.29553e-24           0.13149               0               
150    0.0136744       0.00829734            1.57077e-05           6.36284e-10           6.25063e-21           0.016604              0.071586        
151    0.00936059      0.00225902            2.20974e-07           6.88273e-14           3.74876e-30           0.00655723            0.053287        
152    5.63506e-08     2.58713e-07           1.18185e-08           5.71812e-12           7.08413e-21           0.147314              0               
153    2.00558e-05     9.62733e-05           1.37667e-08           4.77506e-15           1.09043e-29           0.130451              0               
154    2.07903e-11     9.36121e-11           6.20086e-12           2.75988e-16           6.55002e-29           0.154428              0               
155    3.62765e-05     0.000161333           1.27847e-05           4.43053e-08           3.08383e-15           0.159052              0               
156    3.11145e-08     1.10659e-07           3.83711e-08           3.49279e-10           8.61679e-17           0.232176              0               
157    0.0106275       0.0151068             0.000637941           3.21828e-06           1.53136e-12           0.0451482             0.04404         
158    6.95664e-33     1.40966e-36           2.83881e-32           5.00904e-33           1.02309e-39           0.614704              0               
159    3.66377e-16     9.28215e-16           8.30662e-16           8.45748e-20           2.34731e-31           0.313106              0               
160    7.67496e-23     3.83075e-25           3.14359e-22           5.37296e-23           7.23574e-29           0.611613              0               
161    0.0106275       0.0151068             0.000637941           3.21828e-06           1.53136e-12           0.0451482             0.04404         
162    1.30896e-19     1.25684e-20           6.00807e-19           1.50525e-20           4.58838e-28           0.525027              0               
163    4.6543e-25      2.12448e-28           1.63217e-24           6.02124e-25           3.3372e-31            0.692389              0               
164    9.25589e-51     1.32583e-68           1.52536e-55           1.90717e-50           2.53653e-50           2.20545               0               
165    2.97369e-45     2.52546e-57           1.52884e-47           1.41915e-44           6.97828e-47           1.1757                0               
166    3.13854e-39     3.84344e-50           3.2976e-41            1.50243e-38           1.06803e-41           1.16737               0               
167    2.31682e-24     3.48056e-27           4.85871e-24           6.26021e-24           5.5194e-28            0.883201              0               
168    8.00685e-26     3.58895e-28           3.79466e-25           4.58037e-27           3.53646e-36           0.524574              0               
169    2.08932e-52     3.08743e-67           1.22411e-55           9.91489e-52           1.14605e-53           1.1882                0               
170    6.70012e-21     8.43968e-22           3.12987e-20           2.43605e-23           1.16981e-35           0.50753               0               
171    2.49336e-16     2.41617e-16           9.47104e-16           8.3324e-18            2.65807e-25           0.443642              0               
172    5.61968e-06     2.30282e-05           3.90618e-06           4.54386e-08           5.86591e-14           0.188142              0               
173    6.89349e-12     3.11194e-11           1.97583e-12           9.82997e-17           3.9769e-29            0.15349               0               
174    0.0100787       0.00588521            9.71209e-06           3.03897e-10           1.16768e-21           0.0159635             0.053052        
175    4.08852e-07     1.96267e-06           2.15834e-10           2.64996e-17           4.07261e-34           0.130438              0               
176    0.0136914       0.0083784             1.63142e-05           6.91299e-10           7.57861e-21           0.016749              0.071586        
177    0.00401488      0.00136954            3.64516e-07           4.34381e-13           7.67771e-29           0.00927456            0.022355        
178    0.0105457       0.00161343            4.22871e-08           2.09913e-15           1.00751e-32           0.00415578            0.061197        
179    0.0142173       0.0049267             1.5138e-06            3.22401e-12           3.01494e-26           0.00942329            0.079066        
180    2.05844e-17     3.43585e-17           6.44498e-17           1.63104e-20           2.48637e-31           0.382817              0               
181    3.64083e-06     1.72785e-05           2.00943e-07           3.34743e-11           2.00914e-21           0.134844              0               
182    2.25422e-06     1.08185e-05           3.93641e-09           2.17953e-15           9.5925e-32            0.130536              0               
183    1.63558e-17     1.1792e-17            6.65737e-17           1.58015e-19           4.33838e-30           0.46041               0               
184    1.85831e-31     4.6434e-37            2.43806e-31           6.48357e-31           1.31894e-36           0.989793              0               
185    4.0027e-07      1.92095e-06           7.29296e-10           4.33569e-16           2.31692e-32           0.130542              0               
186    0.0485507       0.0559283             0.0519793             0.0460441             0.0332134             0.80271               0.057337        
187    0.0378426       0.0501449             0.0419999             0.0315158             0.0153396             0.610176              0.053287        
188    0.0382037       0.0431429             0.0405959             0.0366726             0.0277285             0.829983              0.04404         
189    0.0103753       0.0118049             0.0110645             0.00992694            0.00735075            0.819086              0.012066        
190    0.0010804       0.000197949           0.000732099           0.0014731             0.00278381            2.01204               0               
191    0.0558581       0.0686808             0.0608984             0.0501975             0.0310584             0.715188              0.071586        
192    0.0300262       0.039592              0.0333616             0.0252269             0.0123522             0.615669              0.041977        
193    0.0581293       0.0749391             0.0641203             0.0498783             0.0268103             0.649353              0.079066        
194    0.0431651       0.0535624             0.0472075             0.0385155             0.0231418             0.701937              0.055941        
195    0.0788058       0.0952975             0.0852075             0.0714376             0.0470413             0.741013              0.099081        
196    0.0420761       0.0570475             0.0465509             0.033679              0.0157118             0.582895              0.061197        
197    0.0378426       0.0501449             0.0419999             0.0315158             0.0153396             0.610176              0.053287        
198    1.52622e-05     6.73104e-05           5.93846e-06           2.43841e-08           2.51132e-15           0.162088              0               
199    2.63205e-25     3.79098e-28           1.20152e-24           6.17427e-26           1.20945e-33           0.548846              0               
200    0.0106453       0.01518               0.000650252           3.35953e-06           1.70679e-12           0.045387              0.04404         
201    0.04404         0.04404               0.04404               0.04404               0.04404               1                     0.04404         
202    0.099081        0.099081              0.099081              0.099081              0.099081              1                     0.099081        
203    0.055941        0.055941              0.055941              0.055941              0.055941              1                     0.055941        
204    0.04404         0.04404               0.04404               0.04404               0.04404               1                     0.04404         
205    0.061197        0.061197              0.061197              0.061197              0.061197              1                     0.061197        
206    0.04404         0.04404               0.04404               0.04404               0.04404               1                     0.04404         
207    0.04404         0.04404               0.04404               0.04404               0.04404               1                     0.04404         
208    0.022355        0.022355              0.022355              0.022355              0.022355              1                     0.022355        
209    0.099081        0.099081              0.099081              0.099081              0.099081              1                     0.099081        
210    0.04404         0.04404               0.04404               0.04404               0.04404               1                     0.04404         
211    0.061197        0.061197              0.061197              0.061197              0.061197              1                     0.061197        
212    0.079066        0.079066              0.079066              0.079066              0.079066              1                     0.079066        
213    0.04404         0.04404               0.04404               0.04404               0.04404               1                     0.04404         
214    0.04404         0.04404               0.04404               0.04404               0.04404               1                     0.04404         
215    0.099081        0.099081              0.099081              0.099081              0.099081              1                     0.099081        
216    0.055941        0.055941              0.055941              0.055941              0.055941              1                     0.055941        
217    0.055941        0.055941              0.055941              0.055941              0.055941              1                     0.055941        
218    0.061197        0.061197              0.061197              0.061197              0.061197              1                     0.061197        
219    0.04404         0.04404               0.04404               0.04404               0.04404               1                     0.04404         
220    0.04404         0.04404               0.04404               0.04404               0.04404               1                     0.04404         
221    0.04404         0.04404               0.04404               0.04404               0.04404               1                     0.04404         
222    0.04404         0.04404               0.04404               0.04404               0.04404               1                     0.04404         
223    0.053287        0.053287              0.053287              0.053287              0.053287              1                     0.053287        
224    6.65538e-40     3.34178e-51           2.14507e-42           2.98001e-39           2.13065e-40           1.28832               0               
225    5.84752e-31     9.0952e-38            4.62917e-32           2.726e-30             3.50749e-32           1.1795                0               
226    6.16384e-26     1.08907e-32           8.66069e-27           2.86852e-25           4.10663e-28           1.151                 0               
227    1.68462e-16     3.65835e-17           7.65652e-16           6.54452e-18           3.59489e-26           0.504953              0               
228    4.21416e-12     7.39761e-12           1.28099e-11           2.44507e-14           6.95339e-24           0.376546              0               
229    1.67463e-21     3.57458e-24           7.03311e-21           1.00314e-21           5.76291e-29           0.598156              0               
230    3.02458e-16     7.1689e-16            7.35121e-16           7.74935e-20           1.72941e-31           0.326264              0               
231    5.59165e-15     2.63616e-14           4.83699e-16           5.88968e-21           2.08992e-33           0.137365              0               
232    7.20602e-05     0.000341977           3.98072e-06           8.60714e-10           3.87218e-19           0.134849              0               
233    0.00936736      0.00229148            2.33656e-07           7.7829e-14            5.0081e-30            0.00664674            0.053287        
234    6.27798e-08     2.96143e-07           5.25983e-09           4.30906e-13           1.98648e-24           0.137147              0               
235    0.0105457       0.00161343            4.22871e-08           2.09913e-15           1.00751e-32           0.00415578            0.061197        
236    0.0129356       0.0158221             0.000356233           6.59439e-07           2.74441e-14           0.0361999             0.057337        
237    0.0129356       0.0158221             0.000356233           6.59439e-07           2.74441e-14           0.0361999             0.057337        
238    2.46081e-10     1.15636e-09           2.50629e-11           7.40684e-16           1.16044e-28           0.138602              0               
239    0.00817574      0.00535658            1.27343e-05           6.77258e-10           7.63201e-21           0.0179627             0.042302        
240    0.0105629       0.00589741            8.40725e-06           2.09811e-10           4.97169e-22           0.0152497             0.055941        
241    9.0483e-13      2.83817e-12           1.50412e-12           1.76264e-15           5.32393e-25           0.264742              0               
242    3.5354e-47      5.87021e-63           1.56719e-51           4.82292e-47           1.21502e-46           2.46916               0               
243    5.3263e-46      1.38502e-57           3.15886e-48           2.49179e-45           6.21826e-47           1.21092               0               
244    9.05395e-40     1.22152e-51           1.01687e-41           4.33471e-39           1.87965e-42           1.16677               0               
245    2.95369e-28     2.51448e-33           3.95259e-28           1.02279e-27           5.36421e-33           0.986246              0               
246    5.82161e-36     2.42653e-47           3.28258e-38           2.77665e-35           1.50005e-37           1.1765                0               
247    4.77869e-11     1.97187e-10           3.22286e-11           6.75232e-15           7.88318e-26           0.184761              0               
248    8.28159e-52     1.65092e-69           3.39825e-57           3.48563e-52           3.62739e-51           2.82645               0               
249    2.75285e-46     6.35111e-69           5.68951e-56           1.09357e-49           1.32152e-45           2.98572               0               
250    3.23158e-24     3.01235e-28           5.70565e-24           9.80802e-24           7.0113e-28            0.928408              0               
251    1.4252e-30      6.88501e-35           2.85577e-30           3.98645e-30           4.04904e-35           0.896084              0               
252    2.15147e-53     3.80261e-68           1.24373e-56           9.79849e-53           5.29396e-54           1.26062               0               
253    1.23235e-60     4.58255e-81           1.04226e-66           6.93915e-61           5.22253e-60           2.7726                0               
254    1.38164e-23     1.38431e-25           6.27182e-23           3.47551e-24           7.26946e-32           0.550453              0               
255    1.96964e-06     4.81388e-06           3.98726e-06           6.53827e-07           1.19811e-09           0.365559              0               
256    6.6953e-15      4.32254e-17           1.19322e-14           2.00958e-14           7.26236e-17           0.928813              0               
257    1.33789e-44     2.08418e-67           1.61606e-55           2.96036e-49           6.42311e-44           2.98586               0               
258    1.07721e-14     4.30402e-17           2.13152e-14           3.03298e-14           2.84698e-17           0.899612              0               
259    2.15931e-07     7.50398e-07           2.82755e-07           3.52268e-09           6.70678e-15           0.239417              0               
260    3.50458e-27     1.0064e-32            8.33995e-28           1.57508e-26           2.40591e-28           1.16127               0               
261    1.70635e-11     9.03052e-12           6.73047e-11           5.58577e-12           1.23539e-16           0.518894              0               
262    4.85047e-17     1.10407e-16           1.22432e-16           3.01236e-20           4.35979e-32           0.333887              0               
263    2.17817e-42     2.03391e-54           1.28316e-44           1.04275e-41           1.69766e-44           1.16966               0               
264    5.77309e-27     7.91029e-29           2.73787e-26           2.58595e-28           6.24348e-38           0.52215               0               
265    3.30677e-07     1.58582e-06           1.75211e-09           5.02254e-15           2.5428e-30            0.130822              0               
266    0.0105983       0.0149869             0.000618104           2.99704e-06           1.27715e-12           0.0447583             0.04404         
267    4.18318e-06     2.0072e-05            1.12702e-08           1.31194e-14           3.6425e-30            0.130613              0               
268    0.00286812      0.00395883            0.000145978           5.79167e-07           1.28391e-13           0.043021              0.012066        
269    6.29863e-25     2.16851e-27           2.82156e-24           2.00222e-25           2.28973e-33           0.559968              0               
270    1.09003e-08     5.23224e-08           9.44524e-12           3.76398e-19           9.67914e-39           0.130465              0               
271    0.0129356       0.0158221             0.000356233           6.59439e-07           2.74441e-14           0.0361999             0.057337        
272    7.32753e-27     2.8386e-29            3.32536e-26           1.89719e-27           3.17821e-35           0.551945              0               
273    0.0118982       0.00537697            3.89995e-06           3.48249e-11           1.18899e-23           0.0123095             0.0646          
274    7.06637e-07     3.39191e-06           6.22611e-10           3.32046e-16           2.54293e-30           0.130466              0               
275    0.00938404      0.00237153            2.67556e-07           1.05374e-13           1.06372e-29           0.00686702            0.053287        
276    1.90248e-16     6.31585e-16           2.81758e-16           2.93366e-20           1.29271e-31           0.249747              0               
277    0.0101087       0.0060282             1.06758e-05           3.75387e-10           1.97131e-21           0.0163106             0.053052        
278    0.0105593       0.00167878            4.94424e-08           2.97364e-15           2.36694e-32           0.00431861            0.061197        
279    3.01196e-11     1.35814e-10           8.78857e-12           3.5433e-16            3.66929e-29           0.153906              0               
280    1.86504e-09     8.88371e-09           7.02622e-11           3.71589e-16           7.01468e-31           0.133431              0               
281    4.69268e-09     2.23142e-08           2.152e-10             1.72536e-15           2.86613e-29           0.13409               0               
282    6.87709e-10     3.30098e-09           6.84568e-13           3.50758e-20           2.08547e-39           0.130476              0               
283    0.00744065      0.00210017            3.24097e-07           1.92451e-13           3.02658e-29           0.00767084            0.041977        
284    0.0119291       0.00552495            4.34009e-06           4.42049e-11           2.14141e-23           0.0126185             0.0646          
285    2.02372e-09     4.26072e-09           5.35881e-09           9.62764e-11           4.64183e-17           0.354009              0               
286    0.0193471       0.0134821             4.28304e-05           4.70578e-09           1.29975e-18           0.0191654             0.099081        
287    0.0137331       0.00857699            1.78913e-05           8.49328e-10           1.26066e-20           0.0171033             0.071586        
288    0.079066        0.079066              0.079066              0.079066              0.079066              1                     0.079066        
289    0.055941        0.055941              0.055941              0.055941              0.055941              1                     0.055941        
290    0.079066        0.079066              0.079066              0.079066              0.079066              1                     0.079066        
291    0.055941        0.055941              0.055941              0.055941              0.055941              1                     0.055941        
292    0.053287        0.053287              0.053287              0.053287              0.053287              1                     0.053287        
293    0.055941        0.055941              0.055941              0.055941              0.055941              1                     0.055941        
294    1.45551e-06     6.98582e-06           2.00833e-09           1.91878e-15           3.11493e-29           0.130507              0               
295    0.0107435       0.00179408            7.51001e-08           1.52312e-14           3.30514e-29           0.00453631            0.062157        
296    0.0137331       0.00857699            1.78913e-05           8.49328e-10           1.26066e-20           0.0171033             0.071586        
297    0.0142489       0.00507827            1.70584e-06           4.2096e-12            5.83552e-26           0.00969275            0.079066        
298    0.00402371      0.00141187            4.11189e-07           5.69558e-13           1.52291e-28           0.00954122            0.022355        
299    1.57494e-16     9.49713e-18           6.59572e-16           8.70544e-17           1.32026e-22           0.587201              0               
300    0.0193471       0.0134821             4.28304e-05           4.70578e-09           1.29975e-18           0.0191654             0.099081        
301    1.45775e-16     1.12551e-17           6.65514e-16           2.30904e-17           1.15226e-24           0.532422              0               
302    2.45742e-05     0.000107073           1.08517e-05           5.53813e-08           9.66713e-15           0.166459              0               
303    2.14659e-36     1.00069e-44           3.39682e-37           9.96589e-36           8.95995e-41           1.14609               0               
304    8.14975e-45     2.21237e-57           1.23513e-47           3.59926e-44           3.12167e-45           1.31238               0               
305    8.13687e-06     3.82807e-05           7.83758e-07           3.26388e-10           1.59243e-19           0.138164              0               
306    6.60318e-09     3.06954e-08           1.00591e-09           2.30245e-13           1.40366e-23           0.142676              0               
307    1.7131e-40      2.36191e-52           1.24711e-42           8.20736e-40           4.69274e-43           1.16756               0               
308    0.0107435       0.00179408            7.51001e-08           1.52312e-14           3.30514e-29           0.00453631            0.062157        
309    4.38144e-31     2.55381e-40           1.74272e-32           2.08525e-30           8.2946e-34            1.16284               0               
310    2.5937e-22      2.00057e-25           1.21434e-21           3.06856e-23           2.34683e-32           0.53315               0               
311    4.19994e-14     1.95908e-13           5.72898e-15           1.11651e-19           7.12635e-32           0.141386              0               
312    1.88838e-13     6.4893e-13            2.5766e-13            1.5168e-17            9.42943e-30           0.24034               0               
313    7.43918e-07     3.56731e-06           4.21237e-09           1.3687e-14            1.0611e-29            0.130852              0               
314    0.0106964       0.0153885             0.000686373           3.79504e-06           2.32867e-12           0.0460735             0.04404         
315    4.4371e-06      2.12937e-05           8.59423e-09           5.68696e-15           4.2786e-31            0.130552              0               
316    0.0105618       0.00169056            5.0844e-08            3.1705e-15            2.81425e-32           0.00434789            0.061197        
317    0.0107461       0.00180658            7.72318e-08           1.62565e-14           3.97369e-29           0.00456681            0.062157        
318    1.10119e-21     1.34981e-24           5.17961e-21           1.05823e-22           4.20214e-32           0.530105              0               
319    0.00402529      0.00141943            4.20009e-07           5.97636e-13           1.72531e-28           0.00958871            0.022355        
320    0.0105618       0.00169056            5.0844e-08            3.1705e-15            2.81425e-32           0.00434789            0.061197        
321    3.09861e-22     3.89944e-22           1.09745e-21           2.39312e-25           1.37138e-37           0.415904              0               
322    4.81949e-23     5.97842e-27           2.13026e-22           1.835e-23             3.34952e-32           0.568751              0               
323    0.0137406       0.0086124             1.81884e-05           8.81964e-10           1.39405e-20           0.0171663             0.071586        
324    1.68109e-33     1.45095e-36           7.01338e-33           1.05604e-33           3.91664e-41           0.602208              0               
325    2.61009e-45     9.69782e-57           4.31843e-47           1.24874e-44           3.55022e-49           1.16532               0               
326    0.010114        0.0060537             1.08574e-05           3.90144e-10           2.18394e-21           0.0163724             0.053052        
327    7.06339e-15     2.54327e-14           8.47803e-15           2.84367e-19           2.95895e-33           0.227105              0               
328    4.37263e-12     2.06905e-11           3.02268e-13           1.49744e-18           5.9853e-33            0.135965              0               
329    3.64827e-22     4.70015e-23           1.70122e-21           3.29354e-24           7.99028e-34           0.50803               0               
330    1.90763e-17     1.61441e-18           8.86844e-17           1.28575e-18           2.43006e-26           0.519498              0               
331    2.58207e-20     5.23118e-20           7.16267e-20           2.54827e-23           1.33739e-34           0.354097              0               
332    0.0071627       0.00173507            1.64371e-07           4.25664e-14           8.59789e-31           0.00658168            0.040767        
333    8.20901e-25     4.56439e-28           3.07579e-24           8.64864e-25           2.54621e-31           0.659852              0               
334    0.0129824       0.0160278             0.000374912           7.39729e-07           3.66949e-14           0.0366564             0.057337        
335    1.35171e-06     5.53053e-06           9.48056e-07           1.09344e-08           1.08551e-14           0.188649              0               
336    2.08981e-05     8.67578e-05           1.34383e-05           1.34974e-07           1.20797e-13           0.183597              0               
337    0.0101062       0.00601666            1.05955e-05           3.69114e-10           1.89107e-21           0.0162826             0.053052        
338    0.00392601      0.000465831           4.93486e-09           3.42235e-17           1.03877e-37           0.00322278            0.022951        
339    1.41548e-06     6.63688e-06           1.58755e-07           2.20113e-11           3.71529e-22           0.139435              0               
340    6.12625e-06     2.90446e-05           3.67167e-07           9.15423e-11           6.55229e-20           0.135227              0               
341    0.0106852       0.015343              0.000678359           3.69567e-06           2.17554e-12           0.045923              0.04404         
342    1.16121e-16     1.50672e-16           4.0665e-16            1.68759e-19           7.59851e-30           0.412846              0               
343    2.35267e-17     7.31263e-18           1.04087e-16           1.55092e-18           6.8792e-26            0.501074              0               
344    0.00687701      0.0056306             2.89347e-05           5.30021e-09           9.94748e-19           0.0226912             0.034155        
345    3.02327e-22     6.96939e-23           1.37926e-21           2.50712e-24           1.23374e-34           0.499737              0               
346    2.09353e-30     1.14024e-36           2.3072e-30            7.74372e-30           2.10781e-36           1.01823               0               
347    1.54168e-22     3.42586e-23           7.05627e-22           2.68615e-25           7.5015e-38            0.499519              0               
348    2.5897e-24      8.88942e-28           4.02698e-24           8.40437e-24           7.8859e-28            0.956913              0               
349    0.0106375       0.0151478             0.000644822           3.2969e-06            1.6279e-12            0.0452819             0.04404         
350    7.53502e-46     5.10293e-60           7.15269e-49           3.60493e-45           1.18879e-47           1.17335               0               
351    0.0105574       0.0058711             8.26265e-06           2.02053e-10           4.56511e-22           0.0151885             0.055941        
352    3.99072e-30     1.73424e-38           4.08478e-31           1.87502e-29           5.95565e-34           1.1537                0               
353    1.75731e-62     2.065e-93             5.69183e-76           1.80482e-67           8.43676e-62           2.98586               0               
354    1.55598e-38     8.56401e-44           3.95073e-38           3.51947e-38           1.58304e-45           0.823574              0               
355    3.63784e-31     3.28418e-36           3.37036e-31           1.40944e-30           2.96478e-35           1.04204               0               
356    5.8445e-23      7.57005e-26           1.29134e-22           1.51377e-22           5.35532e-27           0.867971              0               
357    1.29976e-36     1.31098e-51           1.37552e-42           2.43564e-38           6.21573e-36           2.97877               0               
358    1.69606e-15     4.68113e-16           7.57141e-15           1.03172e-16           1.52922e-24           0.50319               0               
359    1.32604e-15     1.70094e-17           2.15293e-15           4.15617e-15           4.01299e-17           0.956273              0               
360    2.65221e-07     5.34665e-07           6.77166e-07           6.14621e-08           2.1877e-11            0.386206              0               
361    3.04802e-06     6.00195e-06           7.88909e-06           7.42178e-07           2.1283e-10            0.391562              0               
362    3.44895e-35     1.14883e-44           2.76137e-37           1.32071e-34           3.32359e-35           1.53141               0               
363    4.48384e-24     2.81743e-26           1.63673e-23           5.13115e-24           6.71192e-29           0.671699              0               
364    1.03878e-22     1.36669e-31           5.90575e-26           2.6016e-23            4.72638e-22           2.89072               0               
365    5.38939e-14     5.56118e-14           2.01638e-13           1.4925e-15            3.45058e-23           0.437804              0               
366    5.44673e-22     8.64895e-24           2.42963e-21           1.76675e-22           9.53814e-30           0.559845              0               
367    9.98517e-15     1.83199e-17           4.35578e-15           2.78227e-14           1.57415e-14           1.70512               0               
368    0.00492619      0.0090819             0.00392006            0.000963497           2.06163e-05           0.185962              0.012066        
369    0.00492619      0.0090819             0.00392006            0.000963497           2.06163e-05           0.185962              0.012066        
370    1.85454e-18     8.55624e-25           1.32151e-20           1.01353e-18           7.87683e-18           2.77521               0               
371    0.0222965       0.0415204             0.0161223             0.00341674            6.04124e-05           0.167424              0.057337        
372    4.48885e-29     3.99609e-34           3.77721e-29           1.77717e-28           1.81281e-32           1.05368               0               
373    6.78855e-39     7.25926e-50           8.59663e-41           3.24396e-38           6.59152e-41           1.16947               0               
374    2.07761e-24     2.67388e-27           8.44931e-24           1.52255e-24           9.26909e-32           0.61635               0               
375    1.13065e-27     1.07806e-30           4.16635e-27           1.26075e-27           5.61604e-34           0.668153              0               
376    1.075e-15       1.76471e-16           4.41431e-15           5.70223e-16           3.94694e-21           0.575814              0               
377    7.56814e-46     3.22477e-59           1.6748e-48            3.62085e-45           1.09101e-47           1.17267               0               
378    0.057337        0.057337              0.057337              0.057337              0.057337              1                     0.057337        
379    3.44789e-20     8.29297e-22           1.61668e-19           3.03465e-21           1.13823e-29           0.527171              0               
380    8.46424e-33     9.92806e-36           3.96209e-32           1.00561e-33           1.18016e-43           0.533185              0               
381    0.00819936      0.0054689             1.3821e-05            8.13462e-10           1.20517e-20           0.0182973             0.042302        
382    7.58657e-55     2.02804e-69           3.77665e-58           3.52277e-54           1.1913e-55            1.22691               0               
383    4.05566e-47     1.37508e-59           1.18697e-49           1.91217e-46           3.37503e-48           1.19863               0               
384    8.14521e-06     3.27437e-05           6.27158e-06           8.95183e-08           1.98015e-13           0.194803              0               
385    7.30177e-06     3.48298e-05           2.25699e-07           1.56694e-11           1.46335e-22           0.132886              0               
386    4.99403e-64     7.07137e-90           3.78652e-73           7.72249e-66           2.38989e-63           2.98001               0               
387    4.77917e-53     3.44246e-72           8.50049e-59           2.59787e-53           2.03467e-52           2.77999               0               
388    1.64611e-06     7.8021e-06            1.00778e-07           5.24865e-12           1.10202e-23           0.135329              0               
389    6.65603e-07     2.95378e-06           2.41527e-07           2.24909e-10           2.5022e-19            0.159703              0               
390    0.0107056       0.0154261             0.000693054           3.87876e-06           2.46156e-12           0.0461984             0.04404         
391    1.19167e-28     3.91377e-32           5.03699e-28           6.83772e-29           9.10418e-38           0.594884              0               
392    3.65837e-16     3.69747e-16           1.38645e-15           1.69093e-19           1.43496e-32           0.435823              0               
393    4.44304e-63     4.52455e-95           1.99207e-77           1.24754e-68           2.13308e-62           2.98587               0               
394    2.87033e-10     1.16231e-09           2.15478e-10           2.40803e-13           7.60663e-22           0.191058              0               
395    1.58605e-21     2.6388e-22            7.3309e-21            1.97896e-23           1.72292e-33           0.505472              0               
396    3.30141e-08     1.45637e-07           1.28484e-08           1.37721e-11           2.36913e-20           0.16184               0               
397    1.26663e-49     2.19729e-66           1.22631e-53           5.38602e-49           6.94871e-50           1.37528               0               
398    6.31983e-09     3.01697e-08           1.71483e-10           2.43361e-15           3.07571e-28           0.132582              0               
399    0.0130063       0.0161329             0.000384756           7.84253e-07           4.25977e-14           0.0368908             0.057337        
400    6.06467e-07     2.83835e-06           7.32609e-08           1.15342e-11           2.79636e-22           0.140132              0               
401    3.04766e-51     1.9415e-64            3.65193e-54           1.40423e-50           5.85771e-52           1.24014               0               
402    5.78907e-12     3.92756e-12           2.27057e-11           1.15976e-12           2.44669e-18           0.489664              0               
403    0.0130063       0.0161329             0.000384756           7.84253e-07           4.25977e-14           0.0368908             0.057337        
404    6.70816e-18     2.01126e-17           1.2092e-17            9.76695e-22           7.74203e-35           0.275652              0               
405    1.96673e-11     9.42564e-11           1.65513e-13           6.74465e-20           7.35414e-38           0.131073              0               
406    1.79896e-12     7.27873e-12           1.35698e-12           1.00579e-15           1.14384e-25           0.191288              0               
407    4.08019e-18     2.90594e-18           1.66252e-17           5.77109e-20           7.9956e-29            0.461723              0               
408    5.16397e-18     1.04454e-17           1.43427e-17           3.94233e-21           2.24404e-32           0.354327              0               
409    1.03929e-15     3.64937e-16           4.56512e-15           5.95477e-17           2.30205e-24           0.496658              0               
410    2.9837e-10      1.42508e-09           7.38164e-12           2.55289e-17           3.63462e-32           0.132389              0               
411    2.23781e-06     1.07277e-05           1.58759e-08           1.05385e-13           6.06835e-27           0.130967              0               
412    0.0142614       0.00513808            1.7869e-06            4.67494e-12           7.66892e-26           0.00979879            0.079066        
413    0.00744627      0.00212713            3.40912e-07           2.15726e-13           4.06508e-29           0.00776365            0.041977        
414    0.0137495       0.008655              1.85451e-05           9.21073e-10           1.55696e-20           0.0172421             0.071586        
415    6.99676e-54     6.54626e-72           3.37198e-58           3.06145e-53           2.97635e-54           1.32862               0               
416    2.94249e-10     1.38215e-09           3.05224e-11           9.50578e-16           3.00847e-28           0.138753              0               
417    3.37326e-11     1.61353e-10           5.96075e-13           4.80782e-18           7.01913e-31           0.131819              0               
418    4.39326e-19     1.24403e-19           1.95727e-18           2.75162e-20           6.5733e-28            0.502857              0               
419    2.01907e-33     8.32681e-41           5.48506e-34           9.14491e-33           3.63157e-38           1.13072               0               
420    8.41905e-09     3.22281e-08           8.18064e-09           1.07131e-11           1.01484e-20           0.208954              0               
421    7.85483e-20     6.07214e-21           3.56028e-19           1.50072e-20           4.38187e-27           0.536838              0               
422    3.86147e-56     5.01279e-83           1.58773e-66           5.75538e-59           1.8533e-55            2.9853                0               
423    2.00973e-25     1.22314e-28           4.73219e-25           4.91511e-25           1.1232e-29            0.848446              0               
424    2.00984e-05     2.11126e-07           4.61889e-06           2.32137e-05           6.84478e-05           2.42399               0               
425    6.92858e-52     1.50127e-70           8.89509e-58           1.71748e-52           3.15463e-51           2.89198               0               
426    5.41015e-25     2.16749e-27           2.52471e-24           7.05143e-26           1.44457e-33           0.534518              0               
427    1.07213e-45     6.10303e-60           2.23377e-49           3.10342e-45           2.04361e-45           1.88942               0               
428    0.04404         0.04404               0.04404               0.04404               0.04404               1                     0.04404         
429    0.04404         0.04404               0.04404               0.04404               0.04404               1                     0.04404         
430    0.055941        0.055941              0.055941              0.055941              0.055941              1                     0.055941        
431    0.055941        0.055941              0.055941              0.055941              0.055941              1                     0.055941        
432    0.079066        0.079066              0.079066              0.079066              0.079066              1                     0.079066        
433    0.04404         0.04404               0.04404               0.04404               0.04404               1                     0.04404         
434    0.04404         0.04404               0.04404               0.04404               0.04404               1                     0.04404         
435    0.04404         0.04404               0.04404               0.04404               0.04404               1                     0.04404         
436    0.099081        0.099081              0.099081              0.099081              0.099081              1                     0.099081        
437    0.053287        0.053287              0.053287              0.053287              0.053287              1                     0.053287        
438    0.055941        0.055941              0.055941              0.055941              0.055941              1                     0.055941        
439    2.03917e-17     1.29996e-18           9.23361e-17           4.26352e-18           6.83804e-25           0.540372              0               
440    1.25485e-23     9.22492e-27           3.80597e-23           2.21755e-23           1.50425e-28           0.756511              0               
441    3.3693e-25      4.79746e-29           7.8267e-25            8.34865e-25           3.34118e-30           0.852822              0               
442    3.11457e-11     1.48685e-10           8.44482e-13           5.19738e-18           7.67189e-31           0.13258               0               
443    9.47437e-39     1.20372e-49           3.03414e-41           3.81754e-38           7.28024e-39           1.45811               0               
444    3.79935e-55     7.97067e-75           1.78103e-61           6.35376e-56           1.76051e-54           2.92253               0               
445    6.23889e-41     1.25357e-50           5.26899e-42           2.94244e-40           1.35861e-44           1.15615               0               
446    1.70405e-26     8.41471e-30           7.51335e-26           6.66864e-27           2.29871e-34           0.570156              0               
447    3.77399e-17     1.20733e-17           1.66806e-16           2.30837e-18           4.50685e-26           0.499698              0               
448    6.52993e-63     9.26167e-86           7.49539e-71           1.85009e-64           3.11649e-62           2.97514               0               
449    1.55071e-37     6.60775e-43           3.03996e-37           4.40492e-37           4.3075e-43            0.901963              0               
450    7.02905e-16     3.0028e-15            3.71806e-16           8.68441e-21           4.28789e-35           0.173014              0               
451    1.15268e-43     7.50227e-58           5.00658e-47           4.69895e-43           8.34501e-44           1.44165               0               
452    1.56882e-58     4.21929e-80           1.16546e-65           1.90507e-59           7.34134e-58           2.93987               0               
453    6.81241e-10     3.24051e-09           3.00995e-11           8.10236e-16           1.58553e-28           0.133955              0               
454    9.67877e-35     1.34879e-44           7.7709e-37            4.08127e-34           5.5769e-35            1.38465               0               
455    4.49694e-68     4.94069e-100          1.19669e-81           6.98268e-73           2.15896e-67           2.98586               0               
456    1.50356e-41     1.75983e-55           5.90135e-45           5.63865e-41           1.5793e-41            1.56528               0               
457    3.79686e-39     2.13694e-57           1.71837e-46           2.47839e-41           1.82038e-38           2.9834                0               
458    2.43565e-14     1.86184e-17           1.3281e-14            9.20638e-14           1.15712e-14           1.27342               0               
459    4.03423e-34     2.70279e-42           2.36653e-35           1.90956e-33           3.59307e-36           1.16293               0               
460    2.32994e-56     1.55693e-79           2.35999e-64           8.35838e-58           1.11023e-55           2.97228               0               
461    7.79469e-68     7.22861e-94           4.60925e-78           6.82151e-71           3.74151e-67           2.98554               0               
462    5.43491e-78     6.01941e-127          3.565e-101            5.45578e-88           2.60928e-77           2.98587               0               
463    1.71243e-10     2.12649e-10           5.74355e-10           3.5128e-11            3.43921e-16           0.444929              0               
464    2.44604e-52     8.36299e-70           4.4704e-56            1.16931e-51           4.98057e-54           1.17519               0               
465    0.071586        0.071586              0.071586              0.071586              0.071586              1                     0.071586        
466    8.52067e-07     3.86563e-06           2.24946e-07           1.60791e-10           5.10476e-19           0.151706              0               
467    1.27567e-38     6.10594e-56           1.72237e-43           1.84428e-38           4.28012e-38           2.43829               0               
468    3.04182e-26     6.55576e-31           4.42185e-26           1.01817e-25           6.5556e-31            0.970599              0               
469    2.39377e-10     1.13095e-09           1.82905e-11           1.82919e-16           4.74406e-29           0.136552              0               
470    2.91254e-31     3.37737e-37           3.60221e-31           1.03807e-30           5.49144e-36           0.999982              0               
471    9.14855e-57     2.22113e-75           1.40283e-62           2.48192e-57           4.14399e-56           2.88312               0               
472    1.20513e-39     2.57465e-47           3.4948e-40            5.43606e-39           2.35235e-43           1.1283                0               
473    0.0101848       0.0063911             1.34513e-05           6.30665e-10           7.2876e-21            0.0171857             0.053052        
474    1.85194e-65     9.71542e-93           4.35879e-76           1.05593e-68           8.89004e-65           2.98565               0               
475    0.00289179      0.00405737            0.000160934           7.21849e-07           2.25588e-13           0.0441635             0.012066        
476    1.01992e-17     4.01383e-18           4.48481e-17           1.04166e-19           7.53078e-30           0.486864              0               
477    0.0106718       0.00641662            1.17323e-05           4.42812e-10           3.23604e-21           0.0164492             0.055941        
