Note : P(D|M) is the probability of site D given the model M (i.e., the site likelihood)
P(D|M,rr[x]) is the probability of site D given the model M and the relative rate
of evolution rr[x], where x is the class of rate to be considered.
We have P(D|M) = \sum_x P(x) x P(D|M,rr[x]).


Site   P(D|M)          P(D|M,rr[1]=0.1132)   P(D|M,rr[2]=0.4388)   P(D|M,rr[3]=0.9777)   P(D|M,rr[4]=2.4704)   Posterior mean        P(D|M,rr[0]=0)  
1      0.0133231       0.0189192             0.000793957           4.42169e-06           3.73956e-12           0.0468026             0.057337        
2      0.0103619       0.0026688             3.83977e-07           3.08086e-13           5.53447e-28           0.00729265            0.061197        
3      0.00927906      0.0035442             1.61096e-06           6.74338e-12           1.55893e-25           0.0108279             0.053287        
4      0.0133231       0.0189192             0.000793957           4.42169e-06           3.73956e-12           0.0468026             0.057337        
5      0.0103619       0.0026688             3.83977e-07           3.08086e-13           5.53447e-28           0.00729265            0.061197        
6      5.60141e-05     0.00026659            1.95214e-07           7.85037e-13           1.79225e-25           0.135065              0               
7      0.0133231       0.0189192             0.000793957           4.42169e-06           3.73956e-12           0.0468026             0.057337        
8      0.00927906      0.0035442             1.61096e-06           6.74338e-12           1.55893e-25           0.0108279             0.053287        
9      0.00707874      0.00261559            1.03991e-06           3.17926e-12           2.06345e-26           0.0104725             0.040767        
10     5.07933e-08     2.39917e-07           2.00323e-09           5.41926e-14           1.08829e-26           0.137992              0               
11     4.05945e-07     1.87689e-06           5.64937e-08           5.96033e-11           1.13332e-18           0.14614               0               
12     1.22239e-20     3.30101e-23           4.17473e-20           1.64398e-20           5.05107e-26           0.703409              0               
13     5.60146e-12     2.52366e-11           1.44207e-12           9.44799e-17           5.73805e-28           0.155739              0               
14     2.28662e-35     5.18206e-41           2.13252e-35           8.75813e-35           1.07771e-39           1.0385                0               
15     5.71946e-38     7.08815e-48           4.1522e-40            2.50781e-37           2.12125e-38           1.30156               0               
16     7.9231e-30      5.59711e-36           2.34427e-30           3.53813e-29           1.08167e-32           1.12478               0               
17     2.78086e-50     1.26485e-66           4.18352e-55           2.23549e-50           1.10092e-49           2.64149               0               
18     1.69361e-32     5.72934e-42           3.07037e-35           2.30347e-32           5.75983e-32           2.43301               0               
19     2.30676e-36     7.99685e-48           4.84482e-39           9.03578e-36           1.94607e-36           1.47868               0               
20     5.65879e-51     1.25864e-68           1.12644e-56           1.03447e-51           2.59174e-50           2.87326               0               
21     1.63388e-05     7.60582e-05           1.75975e-06           1.01023e-09           1.39691e-18           0.143561              0               
22     5.41195e-52     1.76856e-75           5.99863e-61           2.26537e-54           2.57535e-51           2.93992               0               
23     5.66481e-23     7.9141e-26            2.28016e-22           4.17094e-23           1.02921e-28           0.621515              0               
24     2.073e-24       2.64122e-25           9.53836e-24           7.08731e-26           4.61567e-34           0.516661              0               
25     1.04108e-22     3.88514e-25           4.52332e-22           4.31283e-23           3.83941e-30           0.577937              0               
26     1.14019e-18     1.58629e-20           4.618e-18             7.96669e-19           2.41953e-24           0.615434              0               
27     2.02131e-26     5.42339e-30           7.27613e-26           2.35047e-26           3.20439e-33           0.679078              0               
28     6.36312e-08     2.97239e-07           5.82497e-09           6.55459e-13           5.81378e-24           0.142235              0               
29     0.000292163     0.000156453           0.000413742           0.000503076           0.000318249           1.26409               0               
30     2.1172e-06      8.5705e-06            1.49313e-06           2.02019e-08           4.93009e-14           0.194243              0               
31     2.60603e-40     1.82921e-49           2.20466e-41           1.21907e-39           8.76553e-44           1.15287               0               
32     3.301e-11       1.50393e-10           6.82733e-12           6.75862e-16           9.67717e-28           0.15162               0               
33     2.51187e-40     1.20079e-54           1.52347e-43           1.12279e-39           7.3412e-41            1.27312               0               
34     1.84059e-56     2.46154e-85           7.2737e-69            7.1314e-61            8.76636e-56           2.94147               0               
35     5.86632e-20     2.17753e-21           2.41026e-19           3.61986e-20           2.81919e-25           0.602545              0               
36     1.65152e-14     1.19862e-14           6.54726e-14           1.20015e-15           3.48899e-22           0.473146              0               
37     2.49253e-25     7.4484e-28            1.04063e-24           1.45777e-25           4.39207e-32           0.600981              0               
38     2.27369e-36     1.47061e-47           1.19226e-38           1.06348e-35           1.82428e-37           1.19337               0               
39     0.00705518      0.00250354            8.77855e-07           2.18214e-12           8.04104e-27           0.0100555             0.040767        
40     0.042302        0.042302              0.042302              0.042302              0.042302              1                     0.042302        
41     0.061197        0.061197              0.061197              0.061197              0.061197              1                     0.061197        
42     0.057337        0.057337              0.057337              0.057337              0.057337              1                     0.057337        
43     0.061197        0.061197              0.061197              0.061197              0.061197              1                     0.061197        
44     0.062157        0.062157              0.062157              0.062157              0.062157              1                     0.062157        
45     0.062157        0.062157              0.062157              0.062157              0.062157              1                     0.062157        
46     0.061197        0.061197              0.061197              0.061197              0.061197              1                     0.061197        
47     0.0646          0.0646                0.0646                0.0646                0.0646                1                     0.0646          
48     0.062157        0.062157              0.062157              0.062157              0.062157              1                     0.062157        
49     0.069147        0.069147              0.069147              0.069147              0.069147              1                     0.069147        
50     0.099081        0.099081              0.099081              0.099081              0.099081              1                     0.099081        
51     0.053287        0.053287              0.053287              0.053287              0.053287              1                     0.053287        
52     0.055941        0.055941              0.055941              0.055941              0.055941              1                     0.055941        
53     0.034155        0.034155              0.034155              0.034155              0.034155              1                     0.034155        
54     0.069147        0.069147              0.069147              0.069147              0.069147              1                     0.069147        
55     0.061197        0.061197              0.061197              0.061197              0.061197              1                     0.061197        
56     0.053052        0.053052              0.053052              0.053052              0.053052              1                     0.053052        
57     0.040767        0.040767              0.040767              0.040767              0.040767              1                     0.040767        
58     0.053287        0.053287              0.053287              0.053287              0.053287              1                     0.053287        
59     0.055941        0.055941              0.055941              0.055941              0.055941              1                     0.055941        
60     0.071586        0.071586              0.071586              0.071586              0.071586              1                     0.071586        
61     7.13463e-32     8.14484e-39           4.49427e-32           2.94865e-31           1.84639e-36           1.07928               0               
62     7.95051e-39     2.77735e-50           1.84607e-41           3.21363e-38           5.71209e-39           1.43193               0               
63     2.07527e-40     1.61766e-51           8.03408e-43           9.30656e-40           5.6957e-41            1.26603               0               
64     2.85057e-23     2.10213e-25           1.02392e-22           3.31653e-23           1.68347e-28           0.678585              0               
65     8.18098e-46     1.451e-64             7.26076e-52           1.85527e-46           3.71093e-45           2.85686               0               
66     5.24664e-06     1.94174e-05           5.4135e-06            1.57959e-07           2.81214e-12           0.225266              0               
67     0.040767        0.040767              0.040767              0.040767              0.040767              1                     0.040767        
68     0.069147        0.069147              0.069147              0.069147              0.069147              1                     0.069147        
69     9.49011e-59     9.54838e-82           2.82852e-67           7.70693e-61           4.51227e-58           2.93845               0               
70     1.84688e-40     3.26505e-56           3.48496e-44           7.81432e-40           9.81693e-41           1.36247               0               
71     1.48832e-24     1.3437e-27            6.49381e-24           5.93466e-25           2.23122e-32           0.576076              0               
72     6.75442e-29     4.13886e-33           1.98144e-28           1.23553e-28           4.87025e-35           0.768878              0               
73     3.13868e-31     1.28693e-41           4.80528e-33           1.48495e-30           5.14218e-33           1.16819               0               
74     2.82971e-43     4.78459e-63           4.40532e-51           1.37816e-45           1.34636e-42           2.93967               0               
75     9.16269e-47     3.3475e-64            3.36904e-52           4.63946e-47           3.90008e-46           2.75253               0               
76     1.45027e-57     9.51735e-85           6.65596e-69           2.17398e-61           6.90719e-57           2.94143               0               
77     1.0899e-46      2.53619e-61           3.0818e-50            4.05291e-46           1.1378e-46            1.55367               0               
78     1.4183e-51      9.25374e-69           4.81746e-57           4.15051e-52           6.34006e-51           2.83228               0               
79     5.72868e-44     5.71122e-62           2.93503e-50           3.48058e-45           2.69366e-43           2.91881               0               
80     1.01446e-67     3.52345e-104          8.12265e-85           6.88861e-75           4.83171e-67           2.94148               0               
81     4.12088e-44     6.45231e-61           1.09704e-49           7.35614e-45           1.88914e-43           2.87487               0               
82     1.73524e-17     1.93447e-18           7.42193e-17           6.49276e-18           1.81951e-23           0.563765              0               
83     2.3486e-32      9.38853e-43           2.36014e-34           1.10687e-31           9.36626e-34           1.17767               0               
84     1.29114e-45     2.14432e-59           3.95157e-49           3.39441e-45           2.75469e-45           1.96027               0               
85     2.06487e-48     1.40847e-62           1.29116e-52           1.38073e-48           8.45378e-48           2.69192               0               
86     1.37425e-31     1.25027e-39           1.23353e-32           6.41583e-31           6.13283e-34           1.15371               0               
87     1.82275e-64     3.48736e-98           4.17097e-79           6.17022e-70           8.68145e-64           2.94148               0               
88     9.14273e-49     3.45151e-67           2.27599e-55           3.78407e-50           4.31668e-48           2.92604               0               
89     7.46851e-54     2.6833e-76            6.40603e-63           1.28038e-56           3.55584e-53           2.94084               0               
90     5.25728e-53     8.88507e-77           6.24972e-63           2.60137e-56           2.50369e-52           2.9413                0               
91     4.30097e-69     1.01531e-102          1.5449e-84            3.73456e-75           2.04848e-68           2.94148               0               
92     1.5269e-65      8.01272e-100          7.99874e-81           1.93837e-71           7.27238e-65           2.94148               0               
93     1.39449e-41     1.18484e-62           1.40461e-51           8.86317e-46           6.64162e-41           2.94146               0               
94     1.28058e-12     1.45381e-14           1.72494e-12           4.12331e-12           2.36402e-13           1.04909               0               
95     8.17048e-42     2.08572e-67           7.76973e-54           7.19386e-47           3.89145e-41           2.94148               0               
96     3.52115e-16     1.64644e-19           1.15944e-16           1.01479e-15           5.46169e-16           1.6985                0               
97     0.00531918      0.00427361            0.00828756            0.00749433            0.00527884            1.15092               0               
98     0.00125832      0.000250202           0.000861078           0.00168811            0.00319376            1.97611               0               
99     0.022951        0.022951              0.022951              0.022951              0.022951              1                     0.022951        
100    6.29908e-14     3.03171e-14           2.16616e-13           5.30689e-14           1.27182e-17           0.596867              0               
101    2.97538e-57     4.84344e-78           7.49129e-65           5.15494e-59           1.41197e-56           2.93502               0               
102    2.63051e-43     3.48705e-60           1.17816e-47           5.75669e-43           6.77187e-43           2.1248                0               
103    2.54238e-49     4.69334e-71           3.00874e-57           3.11098e-51           1.20778e-48           2.93692               0               
104    1.34664e-68     4.52378e-104          7.52945e-84           3.2612e-74            6.4138e-68            2.94148               0               
105    0.0131374       0.0181533             0.000676549           3.09737e-06           1.52782e-12           0.0448095             0.057337        
106    1.35686e-68     8.20132e-98           2.53541e-81           2.51521e-73           6.46248e-68           2.94148               0               
107    8.64205e-49     2.06356e-71           4.80983e-57           1.07289e-50           4.10533e-48           2.93685               0               
108    2.18671e-07     6.72849e-07           3.60976e-07           7.66901e-09           2.04392e-14           0.276716              0               
109    1.01908e-38     3.77255e-49           2.27801e-40           4.8294e-38            1.49939e-41           1.16168               0               
110    3.61329e-56     2.12321e-72           3.28246e-60           1.18e-55              5.40917e-56           1.72277               0               
111    1.28748e-32     5.29129e-38           9.91295e-33           5.14056e-32           1.90778e-36           1.06045               0               
112    2.07398e-25     7.55989e-27           9.6545e-25            1.47908e-26           9.39277e-35           0.529067              0               
113    2.19251e-10     9.94226e-10           5.00237e-11           6.75171e-15           4.57267e-26           0.153358              0               
114    8.13873e-60     1.38491e-78           1.19279e-65           2.34404e-60           3.64193e-59           2.834                 0               
115    9.0039e-48      4.54141e-64           1.90285e-52           1.21081e-47           3.07757e-47           2.43965               0               
116    4.69954e-66     3.50029e-102          2.4716e-83            1.61564e-73           2.23831e-65           2.94148               0               
117    1.56116e-43     1.57478e-62           3.64466e-50           1.01464e-44           7.33405e-43           2.91723               0               
118    4.11158e-36     3.43325e-41           7.35316e-36           1.22295e-35           1.24741e-41           0.923179              0               
119    6.66006e-42     5.08748e-54           1.54156e-44           3.03175e-41           1.38783e-42           1.24159               0               
120    4.82992e-34     1.37834e-40           3.22764e-34           1.97763e-33           1.19757e-38           1.07411               0               
121    4.31189e-13     1.94098e-12           1.1269e-13            7.63842e-18           4.04087e-29           0.156056              0               
122    3.32347e-09     1.5547e-08            2.82049e-10           1.02509e-14           2.10816e-26           0.14169               0               
123    0.00919941      0.00316541            1.0404e-06            2.55385e-12           1.3724e-26            0.00974964            0.053287        
124    5.74481e-05     0.000240065           3.32282e-05           3.22595e-07           3.82795e-13           0.183071              0               
125    5.2569e-13      1.6378e-12            8.6583e-13            1.36496e-16           1.03849e-27           0.268889              0               
126    3.86779e-11     1.81713e-10           2.5025e-12            7.39903e-17           1.78613e-28           0.140048              0               
127    0.0131163       0.0180654             0.000663951           2.97034e-06           1.37449e-12           0.0445844             0.057337        
128    2.73256e-14     7.36799e-14           5.63493e-14           1.17752e-16           3.53273e-26           0.30355               0               
129    0.0140398       0.0065497             5.61504e-06           6.75965e-11           2.73121e-23           0.0132455             0.079066        
130    0.0131163       0.0180654             0.000663951           2.97034e-06           1.37449e-12           0.0445844             0.057337        
131    0.0192928       0.0162065             9.98567e-05           3.23515e-08           8.70624e-17           0.0243399             0.099081        
132    4.65654e-36     3.5542e-43            8.77437e-37           2.12952e-35           5.68513e-39           1.13921               0               
133    0.0108428       0.0169424             0.00109285            1.19437e-05           5.11669e-11           0.0555431             0.04404         
134    0.00919941      0.00316541            1.0404e-06            2.55385e-12           1.3724e-26            0.00974964            0.053287        
135    1.01098e-25     3.60143e-28           4.60816e-25           2.0338e-26            5.38207e-34           0.549239              0               
136    1.03661e-20     8.1599e-22            4.68221e-20           1.73378e-21           1.0738e-28            0.538553              0               
137    1.49049e-05     7.07549e-05           2.34475e-07           6.25932e-12           6.27882e-24           0.136062              0               
138    3.69247e-27     3.62138e-28           1.71648e-26           5.96349e-29           3.76813e-38           0.516619              0               
139    9.9133e-33      2.06637e-40           9.4188e-34            4.6235e-32            3.84914e-35           1.15279               0               
140    3.41402e-20     6.63355e-21           1.54317e-19           1.65287e-21           9.29012e-30           0.513134              0               
141    2.03422e-25     9.49189e-29           2.09331e-25           7.58026e-25           1.41171e-27           1.02798               0               
142    5.50403e-07     2.53896e-06           8.24917e-08           2.23381e-11           2.77109e-21           0.146989              0               
143    1.90193e-17     5.99458e-18           8.31003e-17           1.49063e-18           6.52224e-26           0.507332              0               
144    1.1369e-07      5.39946e-07           1.54017e-09           1.51928e-14           1.07148e-26           0.135884              0               
145    2.5862e-14      9.16996e-14           3.1454e-14            2.28464e-17           3.2059e-27            0.23396               0               
146    0.0193971       0.0166916             0.000111734           4.12649e-08           1.53433e-16           0.024984              0.099081        
147    2.73628e-06     1.29864e-05           4.59885e-08           1.36481e-12           1.78799e-24           0.13615               0               
148    1.63076e-07     7.75015e-07           1.69058e-09           1.95579e-14           9.96522e-28           0.135625              0               
149    7.27554e-06     3.44066e-05           2.4556e-07            2.32411e-11           6.3149e-22            0.137529              0               
150    0.0136667       0.0104394             4.48077e-05           7.23631e-09           1.7314e-18            0.021976              0.071586        
151    0.00919941      0.00316541            1.0404e-06            2.55385e-12           1.3724e-26            0.00974964            0.053287        
152    7.85549e-08     3.42704e-07           3.13899e-08           4.9607e-11            8.09121e-19           0.167441              0               
153    2.45818e-05     0.000117019           6.01998e-08           1.47628e-13           1.0439e-26            0.134981              0               
154    2.33495e-11     9.46207e-11           1.65848e-11           4.22619e-15           4.89565e-26           0.19263               0               
155    3.61892e-05     0.000152278           1.99109e-05           1.73746e-07           1.4984e-13            0.180599              0               
156    3.65052e-08     1.11299e-07           6.12184e-08           1.35076e-09           3.9113e-15            0.279267              0               
157    0.0108428       0.0169424             0.00109285            1.19437e-05           5.11669e-11           0.0555431             0.04404         
158    1.19028e-32     7.64435e-37           3.26709e-32           2.40194e-32           7.55164e-38           0.794309              0               
159    1.0609e-15      1.42428e-15           3.62668e-15           1.94504e-18           1.15467e-28           0.413405              0               
160    9.28035e-21     1.22696e-22           3.74393e-20           6.63865e-21           2.21157e-26           0.617731              0               
161    0.0108428       0.0169424             0.00109285            1.19437e-05           5.11669e-11           0.0555431             0.04404         
162    1.30626e-18     7.63852e-20           5.79327e-18           3.51855e-19           9.05162e-26           0.553957              0               
163    5.45103e-25     9.71799e-29           1.22429e-24           1.37183e-24           1.22201e-29           0.861498              0               
164    4.80549e-51     4.00345e-70           4.63806e-57           1.26876e-51           2.16189e-50           2.84296               0               
165    6.53724e-47     1.18444e-60           3.98516e-50           2.56059e-46           5.52587e-47           1.47949               0               
166    6.9616e-39      3.03996e-50           3.03201e-41           3.27188e-38           4.07775e-40           1.18541               0               
167    2.0253e-25      1.62905e-29           1.25203e-25           8.37243e-25           2.15588e-27           1.0848                0               
168    1.46661e-25     2.85004e-28           6.59674e-25           3.85601e-26           6.94296e-34           0.557691              0               
169    8.56898e-52     4.24523e-66           4.37654e-55           3.78414e-51           2.96681e-52           1.29327               0               
170    2.39612e-20     1.17456e-21           1.12346e-19           6.02189e-22           2.71986e-32           0.521821              0               
171    7.20319e-17     1.3627e-17            3.14374e-16           1.50749e-17           1.22107e-23           0.535225              0               
172    6.31833e-06     2.39198e-05           6.02481e-06           1.48521e-07           1.66227e-12           0.217471              0               
173    3.06852e-10     1.39828e-09           6.31925e-11           7.9658e-15            6.07488e-26           0.151548              0               
174    0.0100611       0.00742149            2.81169e-05           3.62208e-09           3.94949e-19           0.021181              0.053052        
175    6.07686e-07     2.8931e-06            1.20456e-09           1.32375e-15           1.51714e-30           0.134943              0               
176    0.0136806       0.0105048             4.58761e-05           7.60929e-09           1.93537e-18           0.0220973             0.071586        
177    0.00396726      0.00184092            1.45248e-06           1.20809e-11           3.16843e-25           0.0131716             0.022355        
178    0.0102984       0.00236657            2.41054e-07           1.09279e-13           4.04923e-29           0.00650558            0.061197        
179    0.014051        0.00660278            5.78937e-06           7.21674e-11           3.15866e-23           0.0133432             0.079066        
180    2.78827e-17     2.12709e-17           1.11373e-16           1.56615e-19           5.6185e-29            0.461092              0               
181    4.1598e-06      1.93381e-05           4.7399e-07            2.95482e-10           4.63937e-19           0.144071              0               
182    2.96373e-06     1.40987e-05           1.69896e-08           7.6943e-14            4.0138e-28            0.135248              0               
183    2.51986e-17     9.34685e-18           1.09495e-16           1.17462e-18           2.54741e-27           0.498516              0               
184    7.43387e-28     3.90302e-31           2.51855e-27           1.02168e-27           1.49795e-33           0.707555              0               
185    5.25753e-07     2.50094e-06           3.13166e-09           1.51097e-14           9.36101e-29           0.135266              0               
186    0.0493072       0.0560381             0.0524878             0.0471666             0.0354111             0.826273              0.057337        
187    0.0388228       0.0503853             0.0429949             0.0333429             0.0175344             0.647061              0.053287        
188    0.0387313       0.043213              0.0409266             0.037424              0.0293118             0.851043              0.04404         
189    0.0105272       0.0118253             0.0111605             0.0101445             0.00780476            0.841485              0.012066        
190    0.00100301      0.000182659           0.00066509            0.00133895            0.00259047            1.99922               0               
191    0.0569978       0.0689048             0.0618707             0.0521304             0.0339571             0.744762              0.071586        
192    0.030802        0.0397748             0.0341266             0.0266549             0.014127              0.652835              0.041977        
193    0.0595165       0.0752556             0.0654521             0.0523907             0.0300546             0.683438              0.079066        
194    0.0440817       0.0537457             0.048                 0.0400812             0.0254534             0.732786              0.055941        
195    0.0802628       0.0955888             0.0864645             0.0739163             0.0507264             0.767281              0.099081        
196    0.0431886       0.057363              0.0478117             0.0358638             0.0179787             0.619076              0.061197        
197    0.0388228       0.0503853             0.0429949             0.0333429             0.0175344             0.647061              0.053287        
198    1.72614e-05     7.18755e-05           1.02353e-05           1.02162e-07           1.21091e-13           0.184322              0               
199    2.88867e-25     1.62567e-28           1.11505e-24           2.60614e-25           9.81024e-32           0.643935              0               
200    0.0108567       0.0169952             0.00110604            1.22652e-05           5.46531e-11           0.0557499             0.04404         
201    0.04404         0.04404               0.04404               0.04404               0.04404               1                     0.04404         
202    0.099081        0.099081              0.099081              0.099081              0.099081              1                     0.099081        
203    0.055941        0.055941              0.055941              0.055941              0.055941              1                     0.055941        
204    0.04404         0.04404               0.04404               0.04404               0.04404               1                     0.04404         
205    0.061197        0.061197              0.061197              0.061197              0.061197              1                     0.061197        
206    0.04404         0.04404               0.04404               0.04404               0.04404               1                     0.04404         
207    0.04404         0.04404               0.04404               0.04404               0.04404               1                     0.04404         
208    0.022355        0.022355              0.022355              0.022355              0.022355              1                     0.022355        
209    0.099081        0.099081              0.099081              0.099081              0.099081              1                     0.099081        
210    0.04404         0.04404               0.04404               0.04404               0.04404               1                     0.04404         
211    0.061197        0.061197              0.061197              0.061197              0.061197              1                     0.061197        
212    0.079066        0.079066              0.079066              0.079066              0.079066              1                     0.079066        
213    0.04404         0.04404               0.04404               0.04404               0.04404               1                     0.04404         
214    0.04404         0.04404               0.04404               0.04404               0.04404               1                     0.04404         
215    0.099081        0.099081              0.099081              0.099081              0.099081              1                     0.099081        
216    0.055941        0.055941              0.055941              0.055941              0.055941              1                     0.055941        
217    0.055941        0.055941              0.055941              0.055941              0.055941              1                     0.055941        
218    0.061197        0.061197              0.061197              0.061197              0.061197              1                     0.061197        
219    0.04404         0.04404               0.04404               0.04404               0.04404               1                     0.04404         
220    0.04404         0.04404               0.04404               0.04404               0.04404               1                     0.04404         
221    0.04404         0.04404               0.04404               0.04404               0.04404               1                     0.04404         
222    0.04404         0.04404               0.04404               0.04404               0.04404               1                     0.04404         
223    0.053287        0.053287              0.053287              0.053287              0.053287              1                     0.053287        
224    6.27274e-43     7.0556e-57            5.82262e-47           6.10201e-43           2.37734e-42           2.57842               0               
225    6.89329e-31     4.30074e-38           2.57882e-32           2.93409e-30           3.2328e-31            1.33411               0               
226    4.91914e-26     2.64354e-33           2.8949e-27            2.27462e-25           3.93311e-27           1.18605               0               
227    7.54916e-15     3.63798e-15           3.19824e-14           3.34975e-16           9.1844e-24            0.489181              0               
228    5.4853e-11      1.34585e-10           1.26222e-10           4.49032e-13           1.9092e-21            0.323835              0               
229    1.52424e-20     6.34894e-23           5.88143e-20           1.37192e-20           9.1116e-27            0.643356              0               
230    4.74236e-16     5.60982e-16           1.69664e-15           1.08363e-18           6.73423e-29           0.426456              0               
231    6.14096e-15     2.77665e-14           1.48167e-15           1.00963e-19           8.5299e-31            0.154423              0               
232    8.24683e-05     0.000383506           9.26899e-06           6.79085e-09           4.35098e-17           0.143947              0               
233    0.00920553      0.00319452            1.07724e-06           2.75241e-12           1.62555e-26           0.0098331             0.053287        
234    5.08182e-06     2.39478e-05           2.56042e-07           4.34544e-11           3.05691e-21           0.138884              0               
235    0.0102984       0.00236657            2.41054e-07           1.09279e-13           4.04923e-29           0.00650558            0.061197        
236    0.0131326       0.0181333             0.000673591           3.06583e-06           1.484e-12             0.0447577             0.057337        
237    0.0131326       0.0181333             0.000673591           3.06583e-06           1.484e-12             0.0447577             0.057337        
238    2.42886e-08     1.14231e-07           1.45108e-09           9.0243e-14            2.56848e-25           0.139645              0               
239    0.00818149      0.00666309            3.48214e-05           7.20004e-09           2.14776e-18           0.0235138             0.042302        
240    0.0105347       0.0074768             2.49283e-05           2.63523e-09           1.85933e-19           0.020344              0.055941        
241    1.00733e-12     2.30493e-12           2.48185e-12           1.09844e-14           9.11896e-23           0.337664              0               
242    1.82997e-46     1.52055e-62           1.61807e-51           6.09238e-47           8.10658e-46           2.81724               0               
243    2.75613e-45     1.2741e-57            4.3789e-48            1.07385e-44           2.38411e-45           1.48672               0               
244    3.39243e-38     3.24203e-48           8.74758e-40           1.60523e-37           1.78081e-40           1.16262               0               
245    5.84808e-28     1.20312e-33           3.03805e-28           2.48129e-27           2.42747e-31           1.0943                0               
246    6.51404e-36     7.25276e-48           1.24585e-38           2.84031e-35           2.60969e-36           1.31338               0               
247    5.37656e-09     2.35007e-08           2.1061e-09            7.80179e-13           9.49951e-23           0.166695              0               
248    7.32626e-51     3.68126e-69           8.81423e-57           1.16346e-51           3.37303e-50           2.88222               0               
249    1.42233e-46     2.24567e-70           2.25739e-57           9.13656e-51           6.77423e-46           2.94146               0               
250    4.7213e-24      1.60425e-27           6.67671e-24           1.58027e-23           5.75721e-27           0.973984              0               
251    1.48217e-30     3.18599e-36           7.57297e-31           6.30075e-30           1.25528e-33           1.09561               0               
252    9.52614e-53     5.46978e-68           1.79446e-56           3.08603e-52           1.45093e-52           1.73249               0               
253    2.66e-59        1.17798e-80           2.05495e-66           2.29143e-60           1.244e-58             2.90934               0               
254    1.45655e-23     6.79289e-26           5.74513e-23           1.18535e-23           7.0101e-30            0.631693              0               
255    2.371e-06       4.92672e-06           5.08269e-06           1.27521e-06           8.06172e-09           0.427497              0               
256    1.06041e-14     3.16092e-17           1.16584e-14           3.80594e-14           7.56237e-16           1.04198               0               
257    1.65844e-43     1.04524e-61           7.15829e-52           7.73992e-47           7.89809e-43           2.94131               0               
258    7.98152e-13     1.22127e-14           1.94884e-12           1.83838e-12           2.0358e-15            0.832806              0               
259    2.75452e-07     7.9699e-07            4.99585e-07           1.53542e-08           2.44572e-13           0.294444              0               
260    1.13704e-26     8.99465e-32           2.54219e-27           4.86866e-26           2.92618e-27           1.23005               0               
261    1.65326e-12     5.22943e-13           6.09984e-12           1.25112e-12           2.77578e-16           0.598727              0               
262    4.69299e-16     1.25846e-15           9.76039e-16           6.89703e-19           3.05003e-29           0.304371              0               
263    3.38485e-42     5.75495e-55           5.52475e-45           1.55366e-41           5.79369e-43           1.22779               0               
264    1.19961e-26     6.71467e-29           5.43198e-26           2.74849e-27           2.72987e-35           0.552839              0               
265    4.18603e-07     1.98736e-06           6.373e-09             1.26403e-13           9.57903e-27           0.136021              0               
266    0.0108071       0.0168069             0.00105936            1.11437e-05           4.29528e-11           0.0550136             0.04404         
267    5.41448e-06     2.57432e-05           4.50319e-08           3.83479e-13           1.03679e-26           0.135459              0               
268    0.00292278      0.00445866            0.000255492           2.27624e-06           5.2214e-12            0.0529478             0.012066        
269    4.38319e-25     1.21242e-28           1.37267e-24           7.14844e-25           3.1518e-31            0.742137              0               
270    1.5558e-08      7.40425e-08           5.7413e-11            3.02533e-17           2.30739e-34           0.135082              0               
271    0.0131326       0.0181333             0.000673591           3.06583e-06           1.484e-12             0.0447577             0.057337        
272    4.57027e-27     7.90573e-30           1.75585e-26           4.20103e-27           2.14877e-33           0.646133              0               
273    0.0118164       0.00698811            1.29014e-05           5.5036e-10            5.99601e-21           0.0168553             0.0646          
274    1.03967e-06     4.94866e-06           3.12111e-09           1.06999e-14           1.94527e-27           0.135026              0               
275    0.00922742      0.00329862            1.2191e-06            3.61812e-12           3.19145e-26           0.0101307             0.053287        
276    2.35878e-16     5.03618e-16           6.19474e-16           3.53272e-19           3.77144e-29           0.348854              0               
277    0.0100969       0.00758974            3.06545e-05           4.38327e-09           6.31424e-19           0.0216049             0.053052        
278    0.0103172       0.00245597            2.78055e-07           1.49683e-13           8.72205e-29           0.00673936            0.061197        
279    9.02851e-10     4.10431e-09           1.95787e-10           2.21385e-14           6.03427e-26           0.152437              0               
280    1.69534e-09     7.88378e-09           1.90799e-10           7.4031e-15            1.32772e-27           0.143942              0               
281    9.21475e-09     4.26175e-08           1.27074e-09           7.22592e-14           6.80698e-26           0.146007              0               
282    9.17081e-10     4.36407e-09           3.82743e-12           2.50692e-18           3.85692e-35           0.135121              0               
283    0.00732943      0.0028862             1.40856e-06           6.10826e-12           9.10363e-26           0.0111646             0.041977        
284    0.0118544       0.00716753            1.42251e-05           6.82637e-10           1.0164e-20            0.0172419             0.0646          
285    2.51779e-09     3.94521e-09           7.71375e-09           3.32821e-10           1.84223e-15           0.412704              0               
286    0.0193862       0.0166407             0.000110464           4.02873e-08           1.45889e-16           0.0249166             0.099081        
287    0.0137302       0.0107371             4.99101e-05           9.16397e-09           3.05425e-18           0.0225285             0.071586        
288    0.079066        0.079066              0.079066              0.079066              0.079066              1                     0.079066        
289    0.055941        0.055941              0.055941              0.055941              0.055941              1                     0.055941        
290    0.079066        0.079066              0.079066              0.079066              0.079066              1                     0.079066        
291    0.055941        0.055941              0.055941              0.055941              0.055941              1                     0.055941        
292    0.053287        0.053287              0.053287              0.053287              0.053287              1                     0.053287        
293    0.055941        0.055941              0.055941              0.055941              0.055941              1                     0.055941        
294    1.52452e-06     7.25425e-06           6.75587e-09           3.96552e-14           1.59389e-26           0.135142              0               
295    0.010502        0.00260377            3.84864e-07           5.13885e-13           2.75878e-26           0.00702015            0.062157        
296    0.0137302       0.0107371             4.99101e-05           9.16397e-09           3.05425e-18           0.0225285             0.071586        
297    0.0140909       0.00679229            6.45662e-06           9.18186e-11           5.70931e-23           0.0136912             0.079066        
298    0.00397844      0.001894              1.62131e-06           1.5423e-11            5.83755e-25           0.0135168             0.022355        
299    9.17961e-15     1.2053e-15            3.65263e-14           5.98921e-15           5.84107e-20           0.599648              0               
300    0.0193862       0.0166407             0.000110464           4.02873e-08           1.45889e-16           0.0249166             0.099081        
301    1.93117e-15     3.16581e-16           8.44829e-15           4.32954e-16           2.10479e-22           0.539289              0               
302    2.61008e-05     0.00010691            1.71957e-05           2.07543e-07           3.93936e-13           0.190121              0               
303    4.76344e-36     7.35725e-45           3.0407e-37            2.23797e-35           3.6745e-39            1.15583               0               
304    2.27452e-45     3.8911e-61            4.45349e-50           1.65301e-45           9.18011e-45           2.67027               0               
305    8.40864e-06     3.8513e-05            1.53382e-06           2.08491e-09           2.08085e-17           0.149682              0               
306    7.2939e-09      3.24494e-08           2.28815e-09           2.00915e-12           2.94698e-21           0.160374              0               
307    2.00794e-38     7.26547e-49           2.46546e-40           9.52176e-38           1.70781e-40           1.16566               0               
308    0.010502        0.00260377            3.84864e-07           5.13885e-13           2.75878e-26           0.00702015            0.062157        
309    5.3667e-31      6.48333e-41           6.74315e-33           2.52837e-30           2.09543e-32           1.17702               0               
310    6.82352e-22     2.36881e-25           2.95452e-21           2.95171e-22           4.34779e-30           0.58068               0               
311    5.62162e-14     2.46977e-13           2.07691e-14           2.26896e-18           3.31447e-29           0.16486               0               
312    1.31804e-13     1.76678e-13           4.5087e-13            2.10611e-16           4.30724e-27           0.413541              0               
313    9.74537e-07     4.6259e-06            1.56521e-08           3.43062e-13           3.64761e-26           0.136089              0               
314    0.0109143       0.0172125             0.00116183            1.36853e-05           7.20301e-11           0.0566115             0.04404         
315    5.42039e-06     2.57823e-05           3.40702e-08           1.80382e-13           1.49749e-27           0.135293              0               
316    0.0103205       0.0024718             2.85129e-07           1.58446e-13           1.01477e-28           0.00678065            0.061197        
317    0.0105055       0.00262044            3.94675e-07           5.44489e-13           3.23838e-26           0.0070628             0.062157        
318    6.52403e-21     8.76952e-24           2.95879e-20           1.47611e-21           9.58877e-30           0.5528                0               
319    0.0039804       0.00190331            1.65251e-06           1.60954e-11           6.51216e-25           0.0135772             0.022355        
320    0.0103205       0.0024718             2.85129e-07           1.58446e-13           1.01477e-28           0.00678065            0.061197        
321    3.4758e-22      8.39165e-23           1.56855e-21           2.99735e-24           1.08616e-34           0.503937              0               
322    4.39713e-24     3.17579e-29           1.11756e-23           9.76712e-24           1.27792e-30           0.821701              0               
323    0.0137389       0.0107778             5.06545e-05           9.47583e-09           3.3356e-18            0.0226041             0.071586        
324    9.24666e-33     2.25582e-36           2.41999e-32           1.9838e-32            4.04563e-38           0.811469              0               
325    8.91984e-46     2.95564e-57           6.29992e-48           4.23802e-45           4.05027e-48           1.16488               0               
326    0.0101032       0.00761925            3.11226e-05           4.53587e-09           6.90744e-19           0.0216792             0.053052        
327    8.34478e-15     2.00272e-14           1.97126e-14           4.90827e-18           4.73812e-30           0.327172              0               
328    1.46326e-10     6.89051e-10           7.8745e-12            1.24524e-16           1.40279e-29           0.139162              0               
329    1.87009e-22     3.01385e-24           8.73097e-22           1.45811e-23           1.08873e-31           0.531618              0               
330    1.94477e-16     3.62931e-17           8.73477e-16           1.64906e-17           2.16894e-24           0.518661              0               
331    5.93514e-18     1.59818e-17           1.22779e-17           8.343e-21             4.84959e-31           0.303454              0               
332    0.00703897      0.00242643            7.77183e-07           1.65979e-12           3.95353e-27           0.00976705            0.040767        
333    9.21948e-25     3.24346e-28           2.73216e-24           1.65859e-24           4.59924e-30           0.764785              0               
334    0.013186        0.0183548             0.000705974           3.40275e-06           1.92635e-12           0.0453275             0.057337        
335    1.48492e-06     5.60569e-06           1.43126e-06           3.54887e-08           3.41945e-13           0.218395              0               
336    2.2246e-05      8.56405e-05           1.98833e-05           4.30202e-07           3.46321e-12           0.211706              0               
337    0.0100943       0.00757721            3.04599e-05           4.32215e-09           6.10114e-19           0.0215734             0.053052        
338    0.00382391      0.000704941           3.37865e-08           3.21013e-15           3.01279e-33           0.00521785            0.022951        
339    1.38445e-06     6.25456e-06           3.39144e-07           2.00072e-10           1.07605e-19           0.154751              0               
340    7.03581e-06     3.26657e-05           8.43968e-07           6.90364e-10           6.42058e-18           0.144566              0               
341    0.0109021       0.0171666             0.00114987            1.33731e-05           6.79391e-11           0.0564285             0.04404         
342    2.87276e-16     1.50918e-16           1.21407e-15           3.25421e-18           2.78597e-27           0.481194              0               
343    2.98244e-17     5.14618e-18           1.30811e-16           6.09182e-18           3.83782e-24           0.535901              0               
344    0.00691634      0.00681709            6.98415e-05           4.24098e-08           1.65669e-16           0.0290017             0.034155        
345    5.48914e-22     5.35786e-23           2.53668e-21           2.41281e-23           4.36392e-32           0.520403              0               
346    5.99312e-29     1.20324e-34           6.30816e-29           2.2236e-28            4.51727e-34           1.02232               0               
347    6.77564e-23     1.62282e-24           3.1946e-22            1.62951e-24           5.41765e-35           0.523716              0               
348    2.94135e-22     3.71719e-25           5.16673e-22           8.83642e-22           2.25128e-25           0.927479              0               
349    0.0108517       0.0169765             0.00110135            1.21504e-05           5.33945e-11           0.0556766             0.04404         
350    2.20034e-46     4.22537e-61           7.00344e-50           9.66482e-46           8.14302e-47           1.3022                0               
351    0.010531        0.00745951            2.47111e-05           2.58651e-09           1.7843e-19            0.0203024             0.055941        
352    1.10431e-29     1.39127e-38           4.01525e-31           5.21646e-29           3.01445e-32           1.16026               0               
353    2.03775e-61     9.15581e-92           5.02676e-75           1.03019e-66           9.70542e-61           2.94148               0               
354    1.85013e-37     2.14115e-43           1.85964e-37           6.95219e-37           1.232e-42             1.02871               0               
355    2.14053e-29     1.05665e-34           1.18151e-29           9.01218e-29           1.2602e-32            1.08999               0               
356    3.41666e-21     2.03266e-23           8.83323e-21           7.41869e-21           7.05265e-25           0.814597              0               
357    5.77582e-35     9.00166e-48           5.06849e-40           2.00788e-36           2.73084e-34           2.92851               0               
358    2.94473e-14     6.9839e-15            1.29547e-13           3.72101e-15           5.68667e-22           0.520147              0               
359    5.46965e-13     3.71482e-14           1.2295e-12            1.32639e-12           1.20658e-14           0.85483               0               
360    1.30367e-06     1.72349e-06           3.71847e-06           7.6602e-07            1.16079e-09           0.494446              0               
361    3.96547e-06     5.47156e-06           1.11713e-05           2.24047e-06           3.51564e-09           0.486698              0               
362    9.24395e-34     1.70555e-43           3.65576e-36           2.40373e-33           1.99535e-33           1.96911               0               
363    6.44099e-23     8.55304e-26           1.24116e-22           1.82548e-22           2.26688e-26           0.904354              0               
364    2.58642e-23     1.42165e-33           1.36452e-27           1.25465e-24           1.21931e-22           2.92335               0               
365    1.06999e-12     1.69785e-12           3.35648e-12           4.18424e-14           7.59799e-21           0.398546              0               
366    8.19396e-22     6.69847e-24           3.15409e-21           7.41852e-22           9.07702e-28           0.643743              0               
367    2.15452e-13     7.33716e-16           7.31193e-14           4.68541e-13           4.83764e-13           1.95557               0               
368    0.00582882      0.0100241             0.00588286            0.00243692            0.000213526           0.284184              0.012066        
369    0.00582882      0.0100241             0.00588286            0.00243692            0.000213526           0.284184              0.012066        
370    8.98529e-19     8.27947e-26           1.56196e-21           1.8754e-19            4.09044e-18           2.86271               0               
371    0.0263396       0.0464291             0.0253392             0.00933911            0.000605292           0.25626               0.057337        
372    6.12187e-27     2.62733e-31           6.46937e-27           2.26828e-26           5.01597e-30           1.02205               0               
373    4.71152e-37     2.96178e-47           6.3514e-39            2.21988e-36           1.77814e-38           1.17641               0               
374    2.6977e-24      1.3788e-27            7.64685e-24           5.20042e-24           9.25622e-30           0.782115              0               
375    7.31365e-24     6.43321e-26           3.13538e-23           3.41558e-24           1.56593e-30           0.584632              0               
376    1.19682e-15     1.18528e-16           4.31363e-15           1.268e-15             9.37258e-20           0.657151              0               
377    1.12358e-44     1.02901e-57           2.04039e-47           5.25852e-44           9.08738e-46           1.19407               0               
378    0.057337        0.057337              0.057337              0.057337              0.057337              1                     0.057337        
379    4.11042e-20     4.03512e-22           1.80689e-19           1.468e-20             1.2893e-27            0.569745              0               
380    1.62274e-32     7.63394e-36           6.78519e-32           9.42873e-33           6.94755e-41           0.600672              0               
381    0.00820962      0.00679433            3.75436e-05           8.50419e-09           3.2415e-18            0.023922              0.042302        
382    3.78554e-54     3.0872e-69            5.75508e-58           1.19237e-53           6.10557e-54           1.76599               0               
383    2.31094e-47     1.92168e-61           8.00998e-51           7.42137e-47           3.58442e-47           1.7429                0               
384    8.94412e-06     3.30512e-05           9.27427e-06           2.73799e-07           4.94862e-12           0.225792              0               
385    8.73906e-06     4.10251e-05           5.97377e-07           1.69039e-10           4.46553e-20           0.140349              0               
386    5.35254e-64     1.21497e-91           5.38587e-75           2.9213e-67            2.54903e-63           2.94128               0               
387    2.43334e-52     6.16549e-73           1.29776e-59           9.84307e-54           1.14911e-51           2.92639               0               
388    1.58892e-06     7.33742e-06           2.30277e-07           5.71976e-11           4.38952e-21           0.146585              0               
389    7.63377e-07     3.14477e-06           4.8958e-07            1.48234e-09           3.46985e-17           0.187399              0               
390    0.010925        0.0172527             0.00117237            1.39627e-05           7.57539e-11           0.056772              0.04404         
391    1.22409e-26     7.93592e-30           4.67088e-26           1.15844e-26           3.72234e-34           0.64988               0               
392    1.36003e-16     5.35936e-17           5.93623e-16           5.43135e-19           3.8132e-30            0.490891              0               
393    6.13665e-64     1.36218e-96           3.8421e-79            2.85502e-70           2.92278e-63           2.94148               0               
394    3.4373e-10      1.2007e-09            4.34861e-10           1.56338e-12           6.46588e-20           0.238732              0               
395    4.42046e-21     3.3305e-22            2.04619e-20           2.58942e-22           7.14967e-31           0.524185              0               
396    3.48782e-08     1.42251e-07           2.37857e-08           8.16241e-11           2.79144e-18           0.190792              0               
397    2.06361e-47     1.08776e-62           4.13487e-51           7.98534e-47           1.84288e-47           1.49736               0               
398    7.08373e-09     3.32317e-08           5.06804e-10           3.98522e-14           2.124e-25             0.140606              0               
399    0.0132129       0.0184662             0.000722708           3.58489e-06           2.19697e-12           0.0456158             0.057337        
400    7.20229e-07     3.2472e-06            1.83011e-07           1.15077e-10           7.73693e-20           0.155497              0               
401    6.68632e-51     5.70694e-65           1.44725e-54           1.70036e-50           1.48407e-50           1.99239               0               
402    8.16059e-12     3.64813e-12           3.15068e-11           3.71248e-12           8.40824e-17           0.54734               0               
403    0.0132129       0.0184662             0.000722708           3.58489e-06           2.19697e-12           0.0456158             0.057337        
404    1.03466e-17     1.83216e-17           3.09405e-17           1.6734e-20            9.33815e-32           0.378519              0               
405    1.94725e-11     9.21561e-11           5.88032e-13           2.5045e-18            8.67211e-34           0.13724               0               
406    1.80415e-12     6.41268e-12           2.17478e-12           5.405e-15             1.72117e-23           0.233538              0               
407    6.85603e-18     2.45569e-18           2.97724e-17           4.25984e-19           1.36402e-26           0.501644              0               
408    1.27154e-16     3.82815e-16           2.22674e-16           1.23811e-19           1.06586e-29           0.277522              0               
409    1.16929e-15     2.17083e-16           5.12943e-15           2.22627e-16           1.30055e-22           0.532967              0               
410    3.11297e-08     1.47713e-07           5.52253e-10           4.99103e-15           1.69948e-28           0.136226              0               
411    2.89106e-06     1.3714e-05            5.55863e-08           2.05942e-12           4.95145e-24           0.136347              0               
412    0.0141067       0.00686728            6.73713e-06           1.00946e-10           7.28194e-23           0.0138285             0.079066        
413    0.00733674      0.00292094            1.47537e-06           6.7725e-12            1.18424e-25           0.0112885             0.041977        
414    0.0137498       0.0108286             5.15786e-05           9.86083e-09           3.68583e-18           0.0226982             0.071586        
415    4.56681e-54     1.66852e-72           3.71937e-59           6.99989e-54           1.4751e-53            2.36949               0               
416    3.41052e-10     1.53588e-09           8.84708e-11           1.49223e-14           1.87825e-25           0.155904              0               
417    3.06127e-11     1.44487e-10           1.31564e-12           6.16632e-17           3.84763e-28           0.13828               0               
418    7.38252e-19     1.13668e-19           3.25253e-18           1.49964e-19           5.66783e-26           0.537263              0               
419    9.49103e-34     2.17254e-42           7.08703e-35           4.449e-33             5.44025e-37           1.15429               0               
420    2.61478e-07     1.10625e-06           1.38848e-07           2.79728e-10           2.40644e-18           0.178232              0               
421    1.13722e-19     4.99083e-21           4.79931e-19           5.67168e-20           2.15632e-25           0.58605               0               
422    1.1344e-56      5.46206e-87           2.1692e-69            5.63953e-61           5.40291e-56           2.94146               0               
423    9.56768e-24     3.44887e-26           2.64513e-23           1.90822e-23           1.16837e-27           0.790913              0               
424    1.71813e-05     1.66384e-07           3.45311e-06           1.77668e-05           6.04452e-05           2.44781               0               
425    1.11775e-51     5.60505e-71           1.26896e-58           3.58698e-53           5.28779e-51           2.92951               0               
426    1.46332e-25     6.07395e-29           5.59907e-25           1.36986e-25           8.236e-32             0.64852               0               
427    2.32271e-45     6.31212e-62           1.0343e-50            6.3771e-46            1.0425e-44            2.83903               0               
428    0.04404         0.04404               0.04404               0.04404               0.04404               1                     0.04404         
429    0.04404         0.04404               0.04404               0.04404               0.04404               1                     0.04404         
430    0.055941        0.055941              0.055941              0.055941              0.055941              1                     0.055941        
431    0.055941        0.055941              0.055941              0.055941              0.055941              1                     0.055941        
432    0.079066        0.079066              0.079066              0.079066              0.079066              1                     0.079066        
433    0.04404         0.04404               0.04404               0.04404               0.04404               1                     0.04404         
434    0.04404         0.04404               0.04404               0.04404               0.04404               1                     0.04404         
435    0.04404         0.04404               0.04404               0.04404               0.04404               1                     0.04404         
436    0.099081        0.099081              0.099081              0.099081              0.099081              1                     0.099081        
437    0.053287        0.053287              0.053287              0.053287              0.053287              1                     0.053287        
438    0.055941        0.055941              0.055941              0.055941              0.055941              1                     0.055941        
439    3.10183e-17     1.0132e-18            1.2762e-16            1.9102e-17            5.56943e-23           0.60274               0               
440    1.73149e-23     4.68263e-27           3.1095e-23            5.13636e-23           4.34258e-27           0.922211              0               
441    6.00181e-26     1.92867e-30           5.79153e-26           2.27914e-25           2.44828e-29           1.03427               0               
442    3.04661e-11     1.42589e-10           2.51578e-12           9.56102e-17           3.69731e-28           0.141503              0               
443    1.61221e-38     3.27812e-50           9.60953e-42           2.56589e-38           5.11185e-38           2.34727               0               
444    1.41072e-53     6.27543e-74           1.01469e-60           5.0933e-55            6.66807e-53           2.92801               0               
445    1.25811e-41     3.64454e-52           2.62871e-43           5.95962e-41           6.2456e-44            1.16318               0               
446    1.64805e-25     1.73094e-28           6.78324e-25           1.0644e-25            2.67881e-32           0.609358              0               
447    4.34789e-17     7.38791e-18           1.90685e-16           9.00909e-18           3.6025e-24            0.536513              0               
448    1.71273e-62     3.62067e-87           3.87374e-72           2.90789e-65           8.15454e-62           2.94085               0               
449    1.02499e-36     9.94018e-43           8.19856e-37           4.06195e-36           5.89968e-41           1.05639               0               
450    6.41935e-16     2.21099e-15           8.46274e-16           1.62808e-19           1.24164e-31           0.242133              0               
451    6.04247e-46     2.27881e-62           7.16081e-51           3.77533e-46           2.50038e-45           2.70832               0               
452    4.01794e-57     1.23136e-77           1.6757e-64            1.26789e-58           1.901e-56             2.92971               0               
453    5.58071e-07     2.64538e-06           1.26163e-08           5.57261e-13           1.06829e-24           0.136622              0               
454    1.21381e-33     5.29099e-43           9.31423e-36           4.29391e-33           1.47793e-33           1.61748               0               
455    1.40817e-64     9.06376e-94           7.1904e-77            7.66034e-69           6.70679e-64           2.94146               0               
456    1.01785e-40     2.13881e-54           1.94125e-44           1.87794e-40           2.96973e-40           2.25289               0               
457    2.71819e-38     2.23356e-57           3.00436e-46           6.34993e-41           1.29399e-37           2.94061               0               
458    2.04732e-12     1.02516e-14           2.00452e-12           7.14451e-12           5.91755e-13           1.139                 0               
459    5.06386e-33     8.60633e-41           2.78393e-34           2.36723e-32           1.67618e-34           1.16908               0               
460    3.53371e-56     1.10637e-82           2.57408e-66           6.14238e-59           1.68243e-55           2.94083               0               
461    1.8797e-69      1.76841e-96           9.83065e-81           2.35256e-73           8.95243e-69           2.94144               0               
462    1.14612e-78     2.71118e-127          2.93971e-102          3.604e-89             5.45877e-78           2.94148               0               
463    2.043e-10       1.83126e-10           7.01525e-10           8.839e-11             7.18492e-15           0.507781              0               
464    3.60713e-53     1.33114e-71           1.16159e-57           1.4537e-52            2.64299e-53           1.43756               0               
465    0.071586        0.071586              0.071586              0.071586              0.071586              1                     0.071586        
466    8.80849e-07     3.7561e-06            4.3821e-07            1.0209e-09            4.21726e-17           0.175522              0               
467    3.21555e-38     3.97969e-57           1.50649e-44           4.14006e-39           1.49011e-37           2.89344               0               
468    9.33607e-26     5.61196e-31           5.77731e-26           3.86845e-25           4.26627e-29           1.08093               0               
469    1.02707e-09     4.79277e-09           9.9002e-11            4.37864e-15           2.37232e-26           0.142628              0               
470    8.11948e-31     1.60669e-37           3.1062e-31            3.55626e-30           2.91819e-34           1.11273               0               
471    1.26513e-56     2.93677e-75           4.48918e-63           7.00013e-58           5.95559e-56           2.92083               0               
472    8.54442e-39     2.54557e-46           1.50956e-39           3.91714e-38           1.46359e-41           1.14097               0               
473    0.0101929       0.00803914            3.8272e-05            7.16074e-09           2.12938e-18           0.0227312             0.053052        
474    1.26733e-65     4.38412e-94           1.88037e-77           9.03133e-70           6.03598e-65           2.94146               0               
475    0.00295148      0.00456934            0.000280963           2.81302e-06           8.91343e-12           0.0544852             0.012066        
476    2.13365e-18     4.14563e-19           9.64919e-18           9.84636e-20           2.97416e-28           0.512829              0               
477    0.0106705       0.00811409            3.41748e-05           5.29232e-09           1.04205e-18           0.0218704             0.055941        
